245	242	172	94	85	81	85	87	85	81	75	77	84	124	247	253	255	255	252	248	247	251	255	255	255	247	104	85	77	75	81	85	87	85	81	84	96	172	242	245	255	255	185	116	121	122	119	119	119	121	124	125	121	147	255	252	250	251	255	255	255	255	250	246	253	254	125	120	124	125	121	119	119	119	121	121	115	185	255	255	247	255	255	218	233	238	242	242	245	243	242	236	228	223	255	247	255	255	255	250	245	250	255	255	255	255	214	236	240	240	242	242	242	242	243	236	220	255	255	247
244	242	167	88	71	67	71	73	71	67	61	63	77	118	247	251	255	255	252	248	248	252	255	255	255	247	95	75	63	61	67	71	73	71	67	70	90	167	242	244	255	255	180	110	107	108	105	105	105	107	110	111	114	141	255	250	250	251	255	255	255	255	251	247	253	254	116	110	110	111	107	105	105	105	107	107	109	180	255	255	246	255	250	212	219	224	228	228	231	229	228	222	221	217	255	245	255	255	255	250	246	251	255	255	255	255	205	226	226	226	228	228	228	228	229	222	214	250	255	246
243	242	161	80	66	62	66	68	66	62	56	58	70	112	247	250	255	255	252	248	248	252	255	255	255	245	89	67	58	56	62	66	68	66	62	65	82	161	242	243	255	255	174	102	102	103	100	100	100	102	105	106	107	135	255	249	250	251	255	255	255	255	251	247	253	252	110	102	105	106	102	100	100	100	102	102	101	174	255	255	245	255	244	204	214	219	223	223	226	224	223	217	214	211	255	244	255	255	255	250	246	251	255	255	255	255	199	218	221	221	223	223	223	223	224	217	206	244	255	245
244	242	159	77	70	66	70	72	70	66	60	62	67	111	247	251	255	255	252	248	245	250	255	255	255	247	91	68	62	60	66	70	72	70	66	69	79	159	242	244	255	255	172	99	106	107	104	104	104	106	109	110	104	134	255	250	250	251	255	255	255	255	251	248	253	254	112	103	109	110	106	104	104	104	106	106	98	172	255	255	246	255	242	201	218	223	227	227	230	228	227	221	211	210	255	245	255	255	255	250	243	249	255	255	255	255	201	219	225	225	227	227	227	227	228	221	203	242	255	246
246	242	161	80	69	65	69	71	69	65	59	61	69	113	247	253	255	255	252	246	244	249	255	255	255	247	93	70	61	59	65	69	71	69	65	68	82	161	242	246	255	255	174	102	105	106	103	103	103	105	108	109	106	136	255	252	250	251	255	255	255	254	251	249	253	254	114	105	108	109	105	103	103	103	105	105	101	174	255	255	248	255	244	204	217	222	226	226	229	227	226	220	213	212	255	247	255	255	255	248	242	248	255	255	255	255	203	221	224	224	226	226	226	226	227	220	206	244	255	248
246	242	164	82	68	64	68	70	68	64	58	60	72	115	247	254	255	255	251	246	247	252	255	255	255	247	92	69	60	58	64	68	70	68	64	67	84	164	242	246	255	255	177	104	104	105	102	102	102	104	107	108	109	138	255	253	250	251	255	255	255	255	251	250	253	254	113	104	107	108	104	102	102	102	104	104	103	177	255	255	248	255	247	206	216	221	225	225	228	226	225	219	216	214	255	248	255	255	255	248	245	251	255	255	255	255	202	220	223	223	225	225	225	225	226	219	208	247	255	248
245	242	163	82	69	65	69	71	69	65	59	61	72	115	247	252	255	255	252	247	248	252	255	255	255	247	91	69	61	59	65	69	71	69	65	68	84	163	242	245	255	255	176	104	105	106	103	103	103	105	108	109	109	138	255	251	250	251	255	255	255	255	251	249	253	254	112	104	108	109	105	103	103	103	105	105	103	176	255	255	247	255	246	206	217	222	226	226	229	227	226	220	216	214	255	246	255	255	255	249	246	251	255	255	255	255	201	220	224	224	226	226	226	226	227	220	208	246	255	247
243	242	161	81	68	64	68	70	68	64	58	60	70	113	247	251	255	255	252	248	247	251	255	255	255	247	93	71	60	58	64	68	70	68	64	67	83	161	242	243	255	255	174	103	104	105	102	102	102	104	107	108	107	136	255	250	250	251	255	255	255	255	251	247	253	254	114	106	107	108	104	102	102	102	104	104	102	174	255	255	245	255	244	205	216	221	225	225	228	226	225	219	214	212	255	245	255	255	255	250	245	250	255	255	255	255	203	222	223	223	225	225	225	225	226	219	207	244	255	245
244	242	161	80	69	65	69	71	69	65	59	61	69	113	247	252	255	255	252	248	248	252	255	255	255	247	93	71	61	59	65	69	71	69	65	68	82	161	242	244	255	255	174	102	105	106	103	103	103	105	108	109	106	136	255	251	250	251	255	255	255	255	251	248	253	254	114	106	108	109	105	103	103	103	105	105	101	174	255	255	246	255	244	204	217	222	226	226	229	227	226	220	213	212	255	246	255	255	255	250	246	251	255	255	255	255	203	222	224	224	226	226	226	226	227	220	206	244	255	246
244	242	161	80	69	65	69	71	69	65	59	61	69	113	247	252	255	255	252	248	248	252	255	255	255	247	93	71	61	59	65	69	71	69	65	68	82	161	242	244	255	255	174	102	105	106	103	103	103	105	108	109	106	136	255	251	250	251	255	255	255	255	251	248	253	254	114	106	108	109	105	103	103	103	105	105	101	174	255	255	246	255	244	204	217	222	226	226	229	227	226	220	213	212	255	246	255	255	255	250	246	251	255	255	255	255	203	222	224	224	226	226	226	226	227	220	206	244	255	246
244	242	161	80	69	65	69	71	69	65	59	61	69	113	247	252	255	255	252	248	248	252	255	255	255	247	93	71	61	59	65	69	71	69	65	68	82	161	242	244	255	255	174	102	105	106	103	103	103	105	108	109	106	136	255	251	250	251	255	255	255	255	251	248	253	254	114	106	108	109	105	103	103	103	105	105	101	174	255	255	246	255	244	204	217	222	226	226	229	227	226	220	213	212	255	246	255	255	255	250	246	251	255	255	255	255	203	222	224	224	226	226	226	226	227	220	206	244	255	246
244	242	161	80	69	65	69	71	69	65	59	61	69	113	247	252	255	255	252	248	248	252	255	255	255	247	93	71	61	59	65	69	71	69	65	68	82	161	242	244	255	255	174	102	105	106	103	103	103	105	108	109	106	136	255	251	250	251	255	255	255	255	251	248	253	254	114	106	108	109	105	103	103	103	105	105	101	174	255	255	246	255	244	204	217	222	226	226	229	227	226	220	213	212	255	246	255	255	255	250	246	251	255	255	255	255	203	222	224	224	226	226	226	226	227	220	206	244	255	246
244	242	161	80	69	65	69	71	69	65	59	61	69	113	247	252	255	255	252	248	248	252	255	255	255	247	93	71	61	59	65	69	71	69	65	68	82	161	242	244	255	255	174	102	105	106	103	103	103	105	108	109	106	136	255	251	250	251	255	255	255	255	251	248	253	254	114	106	108	109	105	103	103	103	105	105	101	174	255	255	246	255	244	204	217	222	226	226	229	227	226	220	213	212	255	246	255	255	255	250	246	251	255	255	255	255	203	222	224	224	226	226	226	226	227	220	206	244	255	246
244	242	161	80	69	65	69	71	69	65	59	61	69	113	247	252	255	255	252	248	248	252	255	255	255	247	93	71	61	59	65	69	71	69	65	68	82	161	242	244	255	255	174	102	105	106	103	103	103	105	108	109	106	136	255	251	250	251	255	255	255	255	251	248	253	254	114	106	108	109	105	103	103	103	105	105	101	174	255	255	246	255	244	204	217	222	226	226	229	227	226	220	213	212	255	246	255	255	255	250	246	251	255	255	255	255	203	222	224	224	226	226	226	226	227	220	206	244	255	246
244	242	161	80	69	65	69	71	69	65	59	61	69	113	247	252	255	255	252	248	248	252	255	255	255	247	93	71	61	59	65	69	71	69	65	68	82	161	242	244	255	255	174	102	105	106	103	103	103	105	108	109	106	136	255	251	250	251	255	255	255	255	251	248	253	254	114	106	108	109	105	103	103	103	105	105	101	174	255	255	246	255	244	204	217	222	226	226	229	227	226	220	213	212	255	246	255	255	255	250	246	251	255	255	255	255	203	222	224	224	226	226	226	226	227	220	206	244	255	246
244	242	160	80	69	65	68	69	68	65	61	62	71	113	244	250	255	255	255	252	252	255	255	255	254	244	93	73	64	61	65	68	69	68	65	69	80	160	242	244	255	255	174	101	104	105	104	103	103	105	107	107	105	137	255	252	253	253	255	255	255	255	253	249	255	255	115	106	106	107	105	104	103	104	105	104	101	174	255	255	246	255	245	208	222	227	227	227	229	229	227	222	212	211	255	247	255	255	250	246	244	248	255	255	255	255	201	221	226	229	229	227	227	227	229	222	208	245	255	246
243	241	158	80	69	65	65	65	64	64	64	66	73	113	238	243	254	255	255	255	255	255	255	252	247	238	93	75	68	64	64	64	65	65	65	69	80	158	241	243	255	255	175	100	102	103	104	104	105	105	105	105	105	137	255	255	255	255	255	255	255	255	255	254	255	255	115	105	103	104	104	105	105	105	104	103	100	175	255	255	244	255	247	213	231	238	233	231	233	233	233	224	206	209	255	255	246	241	239	239	239	241	244	249	255	255	198	217	231	238	235	233	229	229	235	227	212	247	255	244
243	241	158	79	71	65	64	64	62	64	66	69	75	113	237	240	251	255	255	255	255	255	255	249	244	237	93	77	69	65	64	62	64	64	65	69	80	158	241	243	255	255	174	100	101	103	105	106	106	105	103	104	104	137	255	255	255	255	254	253	252	253	255	255	255	255	116	105	102	103	104	106	106	106	105	103	100	174	255	255	242	255	249	215	231	236	229	227	229	231	233	224	204	209	255	255	246	239	241	241	243	244	243	249	255	255	196	214	231	238	235	229	226	226	229	226	213	249	255	242
243	241	158	79	71	65	64	64	64	64	66	71	75	113	237	240	251	255	255	255	255	255	255	249	244	237	93	77	71	66	65	64	64	64	65	69	80	158	241	243	255	255	174	101	104	106	108	108	107	106	104	104	104	137	255	253	255	254	252	250	250	251	254	254	255	255	115	105	102	103	105	107	108	108	107	105	101	174	255	255	242	255	249	212	220	222	217	215	220	224	227	220	204	211	255	255	255	251	253	255	255	255	255	255	255	255	198	214	227	233	226	220	213	213	217	215	210	249	255	242
243	241	158	79	69	65	64	64	64	65	66	71	76	113	237	240	252	255	255	255	255	255	255	249	245	237	93	77	71	66	65	64	64	64	65	69	79	158	241	243	255	255	174	101	105	107	109	109	108	107	105	104	104	137	255	253	255	253	250	249	248	250	253	253	255	255	115	106	103	104	106	108	110	110	108	106	102	174	255	255	242	255	249	210	215	217	212	210	215	219	224	219	203	211	255	255	255	255	255	255	255	255	255	255	255	255	198	210	224	227	222	215	208	208	212	212	208	249	255	242
243	241	158	79	69	64	64	64	64	65	68	71	76	113	237	240	252	255	255	255	255	255	255	249	245	237	93	78	72	68	65	64	64	64	64	69	79	158	241	243	255	255	174	101	105	108	109	109	108	107	105	104	104	137	255	253	255	254	250	249	249	250	253	253	255	255	116	105	102	104	106	108	109	109	108	106	102	174	255	255	242	255	249	210	217	217	212	212	213	219	222	217	201	209	255	255	255	255	255	255	255	255	255	255	255	255	194	208	222	226	220	215	210	210	213	213	208	249	255	242
243	241	158	79	69	64	64	64	64	65	68	72	76	113	237	240	251	255	255	255	255	255	255	249	244	237	93	78	72	68	65	64	64	64	64	69	79	158	241	243	255	255	174	101	104	106	107	108	107	106	104	104	105	137	255	254	255	255	253	251	251	253	255	254	255	255	117	106	103	104	106	107	108	108	107	104	101	174	255	255	242	255	249	212	224	226	220	217	219	220	224	217	199	207	255	255	255	251	255	255	255	255	255	255	255	255	191	205	220	226	222	219	217	217	222	220	212	249	255	242
243	241	158	79	69	64	64	64	65	66	68	72	76	113	235	238	248	252	255	255	255	255	252	246	242	235	93	78	72	68	66	65	64	64	64	69	79	158	241	243	255	255	174	100	101	103	104	105	105	104	104	103	105	138	255	255	255	255	255	255	255	255	255	255	255	255	118	106	103	103	104	105	106	105	103	102	100	174	255	255	242	255	249	217	236	242	235	229	227	227	227	219	197	204	255	255	250	244	248	250	250	248	246	249	255	255	185	203	219	229	227	227	227	231	240	235	215	249	255	242
243	241	158	79	69	64	64	64	65	66	68	71	75	111	234	236	245	249	252	254	254	252	249	243	240	234	91	77	71	68	66	65	64	64	64	69	79	158	241	243	255	255	174	100	100	102	103	104	104	104	103	104	106	138	255	255	255	255	255	255	255	255	255	255	255	255	118	107	104	103	104	104	104	104	102	100	100	174	255	255	242	255	249	219	242	249	240	235	233	231	231	220	199	205	255	255	253	248	251	253	255	251	248	251	255	255	185	203	220	229	231	231	235	238	249	240	219	249	255	242
243	241	158	79	69	65	65	65	65	66	68	71	71	110	231	235	233	240	247	248	248	247	237	241	232	231	75	74	71	68	66	65	65	65	65	69	79	158	241	243	255	255	174	100	100	101	103	104	104	104	103	103	103	140	255	255	252	255	255	255	255	255	253	255	255	255	105	107	103	103	104	104	104	103	101	100	100	174	255	255	242	255	249	219	242	249	240	235	233	231	231	222	202	212	255	255	255	255	255	255	255	255	253	255	255	255	177	204	222	231	231	231	235	238	249	240	219	249	255	242
243	241	158	80	71	65	65	65	65	66	68	69	75	109	220	231	235	238	238	229	228	239	237	235	230	221	89	80	69	68	66	65	65	65	65	71	80	158	241	243	255	255	174	100	101	103	104	105	105	104	103	103	108	140	251	255	255	255	252	242	239	253	255	255	255	253	120	113	104	103	104	105	105	104	103	101	100	174	255	255	242	255	249	215	235	240	231	227	227	227	231	226	213	223	255	255	255	255	255	255	255	255	255	255	255	255	202	216	224	229	227	227	227	231	240	235	215	249	255	242
243	241	158	80	71	66	65	65	65	65	66	68	71	62	104	89	82	99	104	102	107	105	94	91	84	96	63	75	68	66	65	65	65	65	66	71	80	158	241	243	255	255	174	100	104	105	107	108	107	106	104	104	104	94	136	119	108	120	121	118	122	123	115	117	114	128	96	109	104	104	106	107	107	107	105	103	100	174	255	255	242	255	249	212	220	222	215	213	217	222	229	227	219	193	213	183	169	187	199	203	207	199	178	174	174	201	191	219	226	227	220	217	215	217	224	222	212	249	255	242
243	241	158	80	71	66	66	65	65	65	66	66	72	60	77	65	63	78	76	73	77	77	72	72	63	63	74	72	66	66	65	65	65	65	66	71	80	158	241	243	255	255	174	101	105	107	108	109	108	107	104	103	108	93	112	99	93	104	98	92	96	100	99	103	98	99	108	109	104	105	107	108	109	108	106	104	101	174	255	255	242	255	249	208	213	213	206	206	212	219	229	233	231	206	206	186	179	199	209	210	214	206	190	185	179	187	215	226	227	226	219	212	208	210	217	217	210	249	255	242
243	241	158	80	72	66	66	66	65	65	65	65	61	59	73	78	77	87	77	72	71	75	81	87	77	62	73	56	65	65	65	65	66	66	68	72	80	158	241	243	255	255	174	101	105	108	109	109	108	106	104	103	98	97	111	116	112	118	104	98	97	102	113	122	115	101	113	94	104	105	107	108	108	108	106	104	101	174	255	255	242	255	249	208	212	210	204	204	212	220	233	238	231	220	220	217	216	234	237	237	236	231	224	222	212	202	227	219	233	229	219	212	206	208	215	215	210	249	255	242
243	241	158	80	72	68	68	66	65	65	65	65	76	75	62	62	54	66	64	72	68	63	60	62	60	61	77	70	65	65	65	65	66	66	68	72	80	158	241	243	255	255	174	101	104	106	107	108	107	105	103	102	113	114	103	104	94	102	97	103	98	96	96	103	103	103	117	109	103	104	106	107	107	107	105	103	100	174	255	255	242	255	249	210	215	215	210	210	217	226	238	243	253	245	219	214	207	225	238	253	248	235	216	211	207	211	239	240	238	233	224	215	213	213	220	219	212	249	255	242
243	241	158	80	73	68	68	66	65	65	64	64	55	65	55	70	65	71	63	70	67	66	67	70	64	66	53	55	64	64	65	65	66	68	69	73	80	158	241	243	255	255	174	100	101	103	105	105	105	104	102	102	93	108	100	117	108	113	102	108	103	106	109	114	112	113	97	95	103	103	104	105	105	104	102	100	100	174	255	255	242	255	249	213	226	229	222	222	226	235	245	249	236	239	217	225	220	233	239	253	249	240	227	219	214	221	220	229	242	240	231	226	224	227	235	229	215	249	255	242
243	241	158	80	73	68	68	65	64	62	62	62	61	73	53	67	59	63	54	62	61	62	60	60	57	72	51	67	62	64	64	65	66	66	68	72	80	158	241	243	255	255	174	100	100	102	104	105	106	105	103	102	102	116	98	113	105	109	97	103	101	104	105	108	106	120	96	109	103	103	105	105	105	104	102	100	100	174	255	255	242	255	249	213	229	235	227	226	227	235	245	249	244	247	215	224	217	231	238	253	250	242	224	216	209	228	221	243	243	242	233	227	226	229	236	233	215	249	255	242
243	241	158	80	73	68	65	62	59	58	58	59	62	69	55	58	61	55	55	61	67	54	73	54	54	62	49	67	61	62	62	64	64	65	66	71	80	158	241	243	255	255	174	100	101	103	106	108	109	108	107	105	106	112	97	101	106	102	100	105	107	96	118	101	102	112	97	111	105	105	106	107	107	106	104	103	100	174	255	255	242	255	249	213	227	231	224	220	222	229	238	242	241	240	215	214	225	234	253	255	255	244	247	215	212	223	221	244	240	236	227	220	219	220	227	226	213	249	255	242
243	241	158	80	73	68	64	61	58	57	57	59	55	70	71	74	72	60	56	60	62	57	71	63	69	73	55	60	61	62	62	62	64	64	65	69	79	158	241	243	255	255	174	100	101	103	107	109	110	110	108	106	98	110	111	114	113	103	100	103	101	95	112	109	116	121	101	104	105	105	107	109	108	108	106	104	101	174	255	255	242	255	249	213	227	229	220	219	220	226	235	238	229	234	224	225	229	233	249	255	255	238	236	220	222	231	223	235	238	235	224	217	215	217	224	222	212	249	255	242
243	241	158	80	72	66	64	61	58	57	58	61	62	67	74	70	71	66	63	62	60	67	67	67	67	69	60	69	64	62	62	62	62	62	64	69	79	158	241	243	255	255	174	100	102	104	107	109	110	110	107	105	101	103	109	105	109	103	100	98	94	101	105	107	110	112	102	110	104	105	107	108	109	109	107	104	101	174	255	255	242	255	249	213	226	229	220	219	220	226	235	236	230	223	213	205	210	217	230	236	228	225	212	205	205	214	220	238	238	235	226	219	215	217	222	220	212	249	255	242
243	241	158	80	72	66	64	61	58	58	59	62	76	64	73	62	75	81	82	76	77	92	77	72	63	63	61	81	65	64	64	62	62	62	62	68	79	158	241	243	255	255	174	100	102	104	107	109	110	109	107	105	112	96	103	92	105	112	113	106	103	119	109	107	100	102	99	119	103	104	106	108	109	109	107	105	101	174	255	255	242	255	249	213	226	227	220	219	220	226	235	235	235	209	199	178	191	203	219	218	214	222	196	188	181	195	210	244	236	235	226	219	215	217	222	220	212	249	255	242
243	241	158	80	71	65	62	61	58	59	61	65	74	69	107	89	86	80	79	70	73	89	76	83	88	94	60	73	66	65	64	64	62	62	62	68	79	158	241	243	255	255	174	100	103	105	108	109	110	108	106	104	106	96	132	112	110	103	102	92	91	109	100	112	117	127	93	107	103	103	106	107	109	109	107	105	101	174	255	255	242	255	249	212	224	227	220	219	222	227	235	233	227	201	216	182	174	170	180	175	173	182	162	170	183	208	198	230	235	236	227	220	217	217	222	220	212	249	255	242
243	241	158	80	71	65	62	59	59	59	62	68	76	111	221	228	233	232	238	240	241	241	230	227	224	205	90	68	69	66	65	64	62	62	61	66	79	158	241	243	255	255	174	100	103	105	108	110	109	108	105	103	103	134	239	245	250	247	254	253	253	253	245	249	247	232	118	99	102	103	105	107	108	108	108	106	101	174	255	255	242	255	249	212	224	226	220	219	222	227	235	231	220	230	255	255	255	255	255	255	255	255	255	255	255	255	215	216	233	236	227	222	219	219	222	220	212	249	255	242
243	241	158	80	71	64	62	59	59	59	64	69	76	119	238	242	245	239	247	245	248	242	244	242	238	233	90	70	72	68	65	64	62	61	61	66	79	158	241	243	255	255	174	100	103	106	108	109	109	108	104	103	99	136	253	255	255	247	255	251	252	247	253	255	255	255	114	97	101	102	105	107	108	109	108	106	101	174	255	255	242	255	249	212	224	226	220	220	224	227	235	229	211	226	255	255	255	255	255	255	255	255	255	255	255	255	204	212	231	235	229	222	219	219	222	220	212	249	255	242
243	241	158	80	71	64	62	59	59	61	65	71	83	112	238	240	250	249	254	251	255	251	252	248	239	237	82	84	73	69	65	64	62	61	61	66	79	158	241	243	255	255	174	100	103	106	107	109	109	107	104	102	105	127	248	248	255	253	255	252	254	249	255	255	254	255	102	107	100	102	105	106	108	109	108	106	101	174	255	255	242	255	249	212	224	226	222	220	224	227	233	227	214	210	255	255	255	254	255	255	255	250	253	255	255	255	188	219	229	235	229	224	220	219	222	220	212	249	255	242
243	241	158	80	71	65	62	59	59	61	65	72	80	120	244	245	254	255	255	255	255	255	255	250	245	240	93	78	73	69	66	64	62	62	61	66	79	158	241	243	255	255	174	100	103	105	107	109	109	107	104	102	101	133	253	251	255	255	255	255	253	255	255	255	255	255	112	100	101	102	104	106	108	108	108	106	101	174	255	255	242	255	249	212	224	226	222	220	224	227	231	224	206	211	255	255	251	244	246	244	244	243	241	249	255	255	191	209	227	235	229	224	220	220	224	220	212	249	255	242
243	241	158	80	71	65	62	61	59	61	65	72	80	120	245	247	255	255	255	255	255	255	255	252	247	240	93	78	73	69	66	64	64	62	62	68	79	158	241	243	255	255	174	100	103	105	107	109	109	107	104	102	102	134	253	251	255	255	255	255	254	255	255	255	255	255	112	101	101	102	104	106	107	108	107	105	101	174	255	255	242	255	249	212	224	227	222	220	224	227	231	222	203	207	255	255	246	237	239	239	237	236	236	244	255	255	189	207	226	235	229	226	220	220	226	222	212	249	255	242
243	241	158	80	72	66	64	61	59	61	65	71	79	118	245	247	255	255	255	255	255	255	255	252	247	240	93	77	72	68	65	64	64	64	64	68	79	158	241	243	255	255	174	100	102	104	107	109	109	108	105	104	103	135	253	252	255	255	255	255	253	254	255	255	255	255	112	102	102	103	105	106	107	107	106	104	101	174	255	255	242	255	249	213	226	229	222	220	224	226	229	220	201	205	255	255	244	237	239	239	237	237	236	244	255	255	188	205	226	233	229	226	222	222	227	224	212	249	255	242
243	241	158	80	72	66	64	61	59	59	64	69	78	117	244	247	255	255	255	255	255	255	255	250	245	238	91	75	71	68	65	64	64	64	64	69	79	158	241	243	255	255	174	100	101	104	106	108	109	109	106	105	104	136	254	251	255	255	255	255	253	254	255	255	255	255	113	102	103	103	105	106	107	106	105	103	101	174	255	255	242	255	249	213	227	231	224	222	222	224	227	219	199	205	255	255	248	239	243	243	243	241	239	246	255	255	188	205	224	233	229	226	222	224	229	226	213	249	255	242
243	241	158	80	73	68	65	62	59	59	62	68	76	116	241	244	252	255	255	255	255	255	255	247	242	235	88	74	69	66	65	64	65	65	65	71	80	158	241	243	255	255	174	100	101	103	105	107	109	109	106	105	105	136	255	252	255	255	255	254	253	254	255	255	255	255	114	103	104	104	105	106	106	106	104	102	100	174	255	255	242	255	249	213	227	233	226	222	222	224	227	219	199	205	255	255	253	246	250	251	251	250	246	251	255	255	188	205	224	231	229	226	224	224	231	227	213	249	255	242
243	241	158	82	75	69	66	62	59	59	62	66	75	113	238	241	251	254	255	255	255	255	254	246	241	234	87	72	68	65	64	64	65	65	66	71	80	158	241	243	255	255	174	99	100	102	105	107	109	109	107	106	106	137	255	253	255	255	254	253	252	253	255	255	255	255	115	104	104	104	105	106	106	105	103	102	100	174	255	255	242	255	249	213	229	233	226	222	222	224	226	219	199	207	255	255	255	253	255	255	255	255	253	255	255	255	189	205	224	231	229	226	224	226	233	227	213	249	255	242
243	241	158	82	76	71	66	64	59	59	61	66	73	111	237	238	248	251	252	254	255	255	251	243	238	231	86	71	68	65	64	64	65	65	66	72	80	158	241	243	255	255	174	99	99	101	105	107	109	109	108	106	106	138	255	253	255	255	254	253	252	253	255	255	255	255	115	105	105	105	106	106	106	105	103	101	100	174	255	255	242	255	249	213	229	235	226	222	222	224	226	217	201	209	255	255	255	255	255	255	255	255	255	255	255	255	191	205	222	229	227	226	224	227	235	229	213	249	255	242
243	241	158	82	75	69	68	65	62	61	61	65	72	111	238	241	251	252	252	252	254	254	252	246	242	235	86	70	65	64	64	65	66	66	66	71	80	158	241	243	255	255	175	100	100	102	104	106	107	108	108	107	106	138	255	253	255	255	254	254	254	254	255	254	255	255	115	105	106	106	106	105	105	104	103	102	100	175	255	255	244	255	247	212	227	231	226	224	224	224	226	219	204	209	255	255	255	255	255	255	255	255	255	255	255	255	193	209	222	227	227	226	224	227	233	227	212	247	255	244
244	242	160	82	71	66	69	69	66	64	59	62	71	113	244	250	255	255	252	249	248	251	255	254	252	242	89	69	62	61	65	68	69	69	65	69	80	160	242	244	255	255	174	100	104	105	103	103	104	106	108	108	106	137	255	251	252	252	255	255	255	255	252	250	255	255	113	105	107	108	105	104	103	103	105	104	101	174	255	255	246	255	245	208	220	226	226	226	227	227	226	220	210	211	255	253	255	255	255	255	252	254	255	255	255	255	199	217	222	226	226	226	226	226	229	222	208	245	255	246
244	242	161	80	69	65	69	71	69	65	59	61	69	113	247	252	255	255	252	248	247	251	255	255	255	247	91	69	61	59	65	69	71	69	65	68	82	161	242	244	255	255	174	102	105	106	103	103	103	105	108	109	106	136	255	251	250	251	255	255	255	255	251	248	253	254	112	104	108	109	105	103	103	103	105	105	101	174	255	255	246	255	244	204	217	222	226	226	229	227	226	220	213	212	255	246	255	255	255	250	245	250	255	255	255	255	201	220	224	224	226	226	226	226	227	220	206	244	255	246
244	242	161	80	69	65	69	71	69	65	59	61	69	113	247	252	255	255	252	248	247	251	255	255	255	247	91	69	61	59	65	69	71	69	65	68	82	161	242	244	255	255	174	102	105	106	103	103	103	105	108	109	106	136	255	251	250	251	255	255	255	255	251	248	253	254	112	104	108	109	105	103	103	103	105	105	101	174	255	255	246	255	244	204	217	222	226	226	229	227	226	220	213	212	255	246	255	255	255	250	245	250	255	255	255	255	201	220	224	224	226	226	226	226	227	220	206	244	255	246
244	242	161	80	69	65	69	71	69	65	59	61	69	113	247	252	255	255	252	248	247	251	255	255	255	247	91	69	61	59	65	69	71	69	65	68	82	161	242	244	255	255	174	102	105	106	103	103	103	105	108	109	106	136	255	251	250	251	255	255	255	255	251	248	253	254	112	104	108	109	105	103	103	103	105	105	101	174	255	255	246	255	244	204	217	222	226	226	229	227	226	220	213	212	255	246	255	255	255	250	245	250	255	255	255	255	201	220	224	224	226	226	226	226	227	220	206	244	255	246
244	242	161	80	69	65	69	71	69	65	59	61	69	113	247	252	255	255	252	248	247	251	255	255	255	247	91	69	61	59	65	69	71	69	65	68	82	161	242	244	255	255	174	102	105	106	103	103	103	105	108	109	106	136	255	251	250	251	255	255	255	255	251	248	253	254	112	104	108	109	105	103	103	103	105	105	101	174	255	255	246	255	244	204	217	222	226	226	229	227	226	220	213	212	255	246	255	255	255	250	245	250	255	255	255	255	201	220	224	224	226	226	226	226	227	220	206	244	255	246
244	242	161	80	69	65	69	71	69	65	59	61	69	113	247	252	255	255	252	248	247	251	255	255	255	247	91	69	61	59	65	69	71	69	65	68	82	161	242	244	255	255	174	102	105	106	103	103	103	105	108	109	106	136	255	251	250	251	255	255	255	255	251	248	253	254	112	104	108	109	105	103	103	103	105	105	101	174	255	255	246	255	244	204	217	222	226	226	229	227	226	220	213	212	255	246	255	255	255	250	245	250	255	255	255	255	201	220	224	224	226	226	226	226	227	220	206	244	255	246
244	242	161	80	69	65	69	71	69	65	59	61	69	113	247	252	255	255	252	248	247	251	255	255	255	247	91	69	61	59	65	69	71	69	65	68	82	161	242	244	255	255	174	102	105	106	103	103	103	105	108	109	106	136	255	251	250	251	255	255	255	255	251	248	253	254	112	104	108	109	105	103	103	103	105	105	101	174	255	255	246	255	244	204	217	222	226	226	229	227	226	220	213	212	255	246	255	255	255	250	245	250	255	255	255	255	201	220	224	224	226	226	226	226	227	220	206	244	255	246
244	242	161	80	69	65	69	71	69	65	59	61	69	113	247	252	255	255	252	248	247	251	255	255	255	247	91	69	61	59	65	69	71	69	65	68	82	161	242	244	255	255	174	102	105	106	103	103	103	105	108	109	106	136	255	251	250	251	255	255	255	255	251	248	253	254	112	104	108	109	105	103	103	103	105	105	101	174	255	255	246	255	244	204	217	222	226	226	229	227	226	220	213	212	255	246	255	255	255	250	245	250	255	255	255	255	201	220	224	224	226	226	226	226	227	220	206	244	255	246
243	242	161	81	68	64	68	70	68	64	58	60	70	113	247	251	255	255	252	248	247	251	255	255	255	247	93	71	60	58	64	68	70	68	64	67	83	161	242	243	255	255	174	103	104	105	102	102	102	104	107	108	107	136	255	250	250	251	255	255	255	255	251	247	253	254	114	106	107	108	104	102	102	102	104	104	102	174	255	255	245	255	244	205	216	221	225	225	228	226	225	219	214	212	255	245	255	255	255	250	245	250	255	255	255	255	203	222	223	223	225	225	225	225	226	219	207	244	255	245
245	242	163	82	69	65	69	71	69	65	59	61	72	115	247	252	255	255	252	247	248	252	255	255	255	247	91	69	61	59	65	69	71	69	65	68	84	163	242	245	255	255	176	104	105	106	103	103	103	105	108	109	109	138	255	251	250	251	255	255	255	255	251	249	253	254	112	104	108	109	105	103	103	103	105	105	103	176	255	255	247	255	246	206	217	222	226	226	229	227	226	220	216	214	255	246	255	255	255	249	246	251	255	255	255	255	201	220	224	224	226	226	226	226	227	220	208	246	255	247
246	242	164	82	68	64	68	70	68	64	58	60	72	115	247	254	255	255	251	246	247	252	255	255	255	247	92	69	60	58	64	68	70	68	64	67	84	164	242	246	255	255	177	104	104	105	102	102	102	104	107	108	109	138	255	253	250	251	255	255	255	255	251	250	253	254	113	104	107	108	104	102	102	102	104	104	103	177	255	255	248	255	247	206	216	221	225	225	228	226	225	219	216	214	255	248	255	255	255	248	245	251	255	255	255	255	202	220	223	223	225	225	225	225	226	219	208	247	255	248
246	242	161	80	69	65	69	71	69	65	59	61	69	113	247	253	255	255	252	246	244	249	255	255	255	247	93	70	61	59	65	69	71	69	65	68	82	161	242	246	255	255	174	102	105	106	103	103	103	105	108	109	106	136	255	252	250	251	255	255	255	254	251	249	253	254	114	105	108	109	105	103	103	103	105	105	101	174	255	255	248	255	244	204	217	222	226	226	229	227	226	220	213	212	255	247	255	255	255	248	242	248	255	255	255	255	203	221	224	224	226	226	226	226	227	220	206	244	255	248
244	242	159	77	70	66	70	72	70	66	60	62	67	111	247	251	255	255	252	248	245	250	255	255	255	247	91	68	62	60	66	70	72	70	66	69	79	159	242	244	255	255	172	99	106	107	104	104	104	106	109	110	104	134	255	250	250	251	255	255	255	255	251	248	253	254	112	103	109	110	106	104	104	104	106	106	98	172	255	255	246	255	242	201	218	223	227	227	230	228	227	221	211	210	255	245	255	255	255	250	243	249	255	255	255	255	201	219	225	225	227	227	227	227	228	221	203	242	255	246
243	242	161	80	66	62	66	68	66	62	56	58	70	112	247	250	255	255	252	248	248	252	255	255	255	245	89	67	58	56	62	66	68	66	62	65	82	161	242	243	255	255	174	102	102	103	100	100	100	102	105	106	107	135	255	249	250	251	255	255	255	255	251	247	253	252	110	102	105	106	102	100	100	100	102	102	101	174	255	255	245	255	244	204	214	219	223	223	226	224	223	217	214	211	255	244	255	255	255	250	246	251	255	255	255	255	199	218	221	221	223	223	223	223	224	217	206	244	255	245
244	242	167	88	71	67	71	73	71	67	61	63	77	118	247	251	255	255	252	248	248	252	255	255	255	247	95	75	63	61	67	71	73	71	67	70	90	167	242	244	255	255	180	110	107	108	105	105	105	107	110	111	114	141	255	250	250	251	255	255	255	255	251	247	253	254	116	110	110	111	107	105	105	105	107	107	109	180	255	255	246	255	250	212	219	224	228	228	231	229	228	222	221	217	255	245	255	255	255	250	246	251	255	255	255	255	205	226	226	226	228	228	228	228	229	222	214	250	255	246
245	242	172	94	85	81	85	87	85	81	75	77	84	124	247	253	255	255	252	248	247	251	255	255	255	247	104	85	77	75	81	85	87	85	81	84	96	172	242	245	255	255	185	116	121	122	119	119	119	121	124	125	121	147	255	252	250	251	255	255	255	255	250	246	253	254	125	120	124	125	121	119	119	119	121	121	115	185	255	255	247	255	255	218	233	238	242	242	245	243	242	236	228	223	255	247	255	255	255	250	245	250	255	255	255	255	214	236	240	240	242	242	242	242	243	236	220	255	255	247
