255	255	186	225	248	237	231	241	236	233	229	230	230	229	233	244	247	243	237	227	224	227	229	230	234	239	244	233	237	251	226	187	255	255	254	248	117	85	82	85	82	81	77	81	86	88	88	84	81	77	78	81	82	83	84	86	86	82	80	75	81	83	86	81	84	114	247	252	248	237	88	34	24	38	42	45	38	40	30	14	16	40	44	32	23	17	26	46	48	32	30	42	46	38	38	32	29	20	38	99	246	253
255	255	177	214	236	223	219	231	227	219	216	218	218	216	221	230	233	229	223	215	212	215	216	218	222	229	232	221	225	238	215	178	255	255	253	246	103	70	66	69	66	65	61	66	70	72	72	68	65	62	62	65	67	67	68	70	70	66	64	60	65	67	69	66	69	101	244	252	248	232	74	17	7	19	24	27	21	22	13	0	0	22	27	15	6	2	10	29	31	13	11	25	27	19	20	13	10	4	20	83	242	251
255	255	182	215	236	222	219	231	228	220	217	218	218	217	220	228	230	227	221	216	213	216	217	218	223	231	234	222	225	237	217	182	255	255	252	243	98	64	58	61	59	59	56	60	63	65	64	61	59	56	57	59	61	60	61	63	63	60	57	55	59	59	61	58	63	95	241	251	246	227	64	9	0	7	11	13	10	10	3	0	0	12	17	8	0	0	3	20	20	3	0	13	15	8	6	2	0	0	11	75	236	250
255	255	191	221	238	226	222	237	235	224	220	221	221	221	223	228	230	227	224	219	217	220	221	221	227	238	240	225	228	239	222	192	255	255	251	244	103	68	61	64	61	62	60	63	66	69	68	64	62	61	61	64	64	64	65	67	67	64	61	58	62	61	63	61	67	101	243	251	244	225	65	10	0	2	6	7	7	8	2	0	0	9	16	8	2	0	4	18	16	0	0	11	13	5	2	0	0	0	11	74	234	248
255	255	191	217	233	219	217	233	231	219	215	216	218	218	219	222	222	219	218	215	215	216	218	216	222	234	236	220	222	234	217	191	255	255	251	245	104	69	62	65	62	64	61	65	68	71	70	65	63	63	64	66	66	65	66	69	68	66	63	60	63	62	64	62	69	102	244	251	244	221	61	5	0	0	0	0	0	3	0	0	0	5	12	7	1	0	3	14	10	0	0	5	7	0	0	0	0	0	7	68	228	246
255	255	190	213	227	216	215	231	229	216	212	216	218	219	219	219	219	216	216	218	218	218	216	213	219	232	234	217	218	230	214	190	255	255	252	244	101	69	63	65	64	64	61	66	69	71	70	65	64	64	65	67	66	64	65	69	69	68	64	60	63	63	64	62	68	100	243	251	243	220	59	6	0	0	0	0	0	5	0	0	0	1	10	7	5	1	5	10	5	0	0	5	7	0	0	0	0	0	8	65	225	244
255	255	193	214	228	216	215	233	228	217	213	220	224	227	227	224	221	221	221	225	227	224	221	215	220	233	236	218	218	229	214	193	255	255	251	242	99	69	64	66	66	65	63	68	71	71	69	65	63	64	66	66	66	64	64	68	69	69	66	61	65	65	66	64	69	98	242	251	244	221	63	14	1	3	0	0	0	12	7	0	0	3	12	12	10	10	10	12	5	0	0	10	12	0	0	0	0	0	16	66	225	244
255	255	194	212	224	211	210	229	225	212	209	219	226	233	233	227	224	223	226	233	233	228	221	212	214	229	232	213	213	224	210	193	255	255	250	238	94	67	64	68	65	64	62	67	69	68	66	60	58	60	62	63	61	58	60	64	67	68	65	60	63	64	67	64	67	95	239	250	244	224	68	23	12	12	8	6	7	22	18	0	0	4	11	15	15	15	13	11	4	0	0	18	22	5	4	6	10	12	25	70	226	246
255	255	200	200	212	195	216	221	219	206	200	222	231	237	244	227	234	228	238	237	237	242	223	203	216	224	226	222	200	215	203	201	255	255	249	237	98	60	60	59	77	63	62	67	63	69	63	52	57	49	62	56	60	50	51	70	67	60	72	61	64	79	61	62	63	101	238	250	248	232	84	33	23	19	34	16	19	38	29	11	0	5	16	11	24	18	22	9	2	8	10	26	45	20	18	37	22	28	36	85	230	246
255	255	191	197	202	182	195	198	203	187	189	213	218	231	244	228	231	225	234	240	234	221	206	189	190	205	201	197	184	202	197	189	255	255	250	218	106	82	78	75	85	66	70	74	75	78	62	53	61	56	65	58	60	54	52	61	66	69	70	66	63	82	73	78	82	107	218	251	250	217	99	64	52	43	48	27	37	56	51	30	5	5	19	16	27	22	23	13	4	1	15	45	53	35	27	51	45	54	63	96	213	248
255	255	251	255	255	255	255	255	255	255	255	253	213	215	227	211	210	209	213	227	222	211	238	255	255	255	255	255	255	255	255	250	255	255	253	247	206	200	197	200	207	189	200	202	188	155	87	60	62	60	65	62	58	59	61	79	132	183	192	194	183	202	197	195	199	206	249	253	251	246	200	186	176	171	173	152	171	190	173	108	29	6	14	13	20	19	14	10	6	15	82	163	181	169	154	176	176	177	184	195	241	250
255	255	255	255	255	255	255	255	255	255	255	255	192	200	215	206	204	208	205	223	209	190	238	255	255	255	255	255	255	255	255	253	255	255	255	254	242	244	243	253	253	240	245	247	244	190	87	60	64	69	73	73	63	68	65	78	162	244	245	242	236	250	251	243	246	244	255	255	253	251	236	235	226	228	223	208	220	243	234	148	29	1	7	14	19	25	13	11	2	12	112	228	239	221	211	230	236	229	233	229	246	251
252	243	247	255	254	242	245	255	255	240	248	241	175	200	217	205	198	203	203	228	210	176	219	255	245	255	255	248	245	255	255	245	241	251	255	255	255	255	255	255	255	250	254	245	243	196	86	71	74	76	74	74	67	79	76	82	166	245	244	251	245	255	255	255	255	255	255	255	255	255	253	248	243	243	237	220	234	248	237	155	26	6	8	11	12	17	9	13	5	12	116	232	242	236	226	246	250	246	244	246	245	253
251	243	244	251	244	234	234	248	252	242	254	252	176	211	222	212	207	208	209	232	213	183	226	255	249	255	250	238	235	244	249	242	239	251	255	255	255	255	255	255	255	251	252	255	255	206	83	71	67	70	69	68	61	69	69	84	174	253	255	246	246	255	255	254	255	255	255	255	255	255	255	255	252	253	247	230	240	255	255	173	26	9	0	4	6	9	1	2	0	17	127	248	255	239	235	255	255	253	253	250	247	253
255	254	255	255	255	242	244	255	255	252	255	255	179	226	239	235	236	239	236	247	222	193	231	255	255	255	255	248	244	255	255	255	252	255	255	255	253	251	253	255	255	253	251	252	248	189	61	57	51	61	67	65	55	51	47	69	157	242	250	247	249	255	255	253	251	255	255	255	255	255	255	255	255	255	255	244	251	255	255	168	13	0	0	0	8	12	0	0	0	9	122	249	255	253	251	255	255	255	255	253	251	253
255	255	255	255	255	241	240	255	255	253	255	255	198	245	246	235	233	239	242	254	239	219	247	255	255	255	255	246	246	255	255	255	255	255	254	253	249	244	251	252	249	251	247	249	245	194	69	70	54	52	54	55	51	54	57	83	162	237	249	245	248	249	252	251	247	252	254	255	255	255	255	255	255	254	246	250	253	255	255	174	27	13	0	0	0	5	0	0	0	31	133	245	255	255	255	255	255	255	255	255	251	253
255	255	255	255	255	248	251	255	255	252	255	255	199	218	235	229	230	230	236	237	224	205	239	255	255	255	255	252	249	255	255	255	255	255	255	254	253	252	254	255	255	252	251	255	249	188	76	63	66	60	60	58	61	60	62	77	155	248	254	250	251	255	255	253	252	253	255	255	255	255	255	255	255	253	250	251	255	255	248	165	32	0	0	5	9	8	6	0	0	30	129	246	255	255	253	255	255	255	255	255	253	255
255	255	255	255	254	249	251	255	255	251	255	255	198	211	228	223	226	226	230	228	217	203	237	255	252	255	255	252	249	254	255	255	255	255	255	255	255	254	255	255	255	253	253	255	251	189	77	66	70	62	61	60	63	64	65	78	156	250	255	251	252	255	255	255	253	254	254	255	253	253	253	255	255	250	248	251	255	255	243	163	32	1	0	8	13	12	8	0	0	34	129	243	255	255	253	250	251	255	255	255	255	255
255	255	255	255	254	249	251	255	255	251	255	255	198	211	228	223	226	226	230	228	217	203	237	255	252	255	255	252	249	254	255	255	255	255	255	255	255	254	255	255	255	253	253	255	251	189	77	66	70	62	61	60	63	64	65	78	156	250	255	251	252	255	255	255	253	254	254	255	253	253	253	255	255	250	248	251	255	255	243	163	32	1	0	8	13	12	8	0	0	34	129	243	255	255	253	250	251	255	255	255	255	255
255	255	255	255	254	249	251	255	255	251	255	255	198	211	228	223	226	226	230	228	217	203	237	255	252	255	255	252	249	254	255	255	255	255	255	255	255	254	255	255	255	253	253	255	251	189	77	66	70	62	61	60	63	64	65	78	156	250	255	251	252	255	255	255	253	254	254	255	253	253	253	255	255	250	248	251	255	255	243	163	32	1	0	8	13	12	8	0	0	34	129	243	255	255	253	250	251	255	255	255	255	255
255	255	255	255	254	249	251	255	255	251	255	255	198	211	228	223	226	226	230	228	217	203	237	255	252	255	255	252	249	254	255	255	255	255	255	255	255	254	255	255	255	253	253	255	251	189	77	66	70	62	61	60	63	64	65	78	156	250	255	251	252	255	255	255	253	254	254	255	253	253	253	255	255	250	248	251	255	255	243	163	32	1	0	8	13	12	8	0	0	34	129	243	255	255	253	250	251	255	255	255	255	255
255	255	255	255	254	249	251	255	255	251	255	255	198	211	228	223	226	226	230	228	217	203	237	255	252	255	255	252	249	254	255	255	255	255	255	255	255	254	255	255	255	253	253	255	251	189	77	66	70	62	61	60	63	64	65	78	156	250	255	251	252	255	255	255	253	254	254	255	253	253	253	255	255	250	248	251	255	255	243	163	32	1	0	8	13	12	8	0	0	34	129	243	255	255	253	250	251	255	255	255	255	255
255	255	255	255	254	249	251	255	255	251	255	255	198	211	228	223	226	226	230	228	217	203	237	255	252	255	255	252	249	254	255	255	255	255	255	255	255	254	255	255	255	253	253	255	251	189	77	66	70	62	61	60	63	64	65	78	156	250	255	251	252	255	255	255	253	254	254	255	253	253	253	255	255	250	248	251	255	255	243	163	32	1	0	8	13	12	8	0	0	34	129	243	255	255	253	250	251	255	255	255	255	255
255	255	255	255	254	249	251	255	255	251	255	255	198	211	228	223	226	226	230	228	217	203	237	255	252	255	255	252	249	254	255	255	255	255	255	255	255	254	255	255	255	253	253	255	251	189	77	66	70	62	61	60	63	64	65	78	156	250	255	251	252	255	255	255	253	254	254	255	253	253	253	255	255	250	248	251	255	255	243	163	32	1	0	8	13	12	8	0	0	34	129	243	255	255	253	250	251	255	255	255	255	255
255	255	255	255	254	249	251	255	255	251	255	255	198	211	228	223	226	226	230	228	218	195	249	255	252	255	255	252	249	254	255	255	255	255	255	255	255	254	255	255	255	253	253	255	251	189	77	66	70	62	61	60	63	64	66	70	168	245	255	251	252	255	255	255	253	254	254	255	253	253	253	255	255	250	248	251	255	255	243	163	32	1	0	8	13	12	8	0	0	26	141	238	255	255	253	250	251	255	255	255	255	255
255	255	255	255	254	249	251	255	255	251	255	255	198	211	228	223	226	226	230	228	218	195	249	255	252	255	255	252	249	254	255	255	255	255	255	255	255	254	255	255	255	253	253	255	251	189	77	66	70	62	61	60	63	64	66	70	168	245	255	251	252	255	255	255	253	254	254	255	253	253	253	255	255	250	248	251	255	255	243	163	32	1	0	8	13	12	8	0	0	26	141	238	255	255	253	250	251	255	255	255	255	255
255	255	255	255	254	249	251	255	255	251	255	255	198	211	228	223	226	226	230	228	218	195	249	255	252	255	255	252	249	254	255	255	255	255	255	255	255	254	255	255	255	253	253	255	251	189	77	66	70	62	61	60	63	64	66	70	168	245	255	251	252	255	255	255	253	254	254	255	253	253	253	255	255	250	248	251	255	255	243	163	32	1	0	8	13	12	8	0	0	26	141	238	255	255	253	250	251	255	255	255	255	255
255	255	255	255	254	249	251	255	255	251	255	255	198	211	228	223	226	226	230	228	218	195	249	255	252	255	255	252	249	254	255	255	255	255	255	255	255	254	255	255	255	253	253	255	251	189	77	66	70	62	61	60	63	64	66	70	168	245	255	251	252	255	255	255	253	254	254	255	253	253	253	255	255	250	248	251	255	255	243	163	32	1	0	8	13	12	8	0	0	26	141	238	255	255	253	250	251	255	255	255	255	255
255	255	255	255	254	249	251	255	255	251	255	255	198	211	228	223	226	226	230	228	218	195	249	255	252	255	255	252	249	254	255	255	255	255	255	255	255	254	255	255	255	253	253	255	251	189	77	66	70	62	61	60	63	64	66	70	168	245	255	251	252	255	255	255	253	254	254	255	253	253	253	255	255	250	248	251	255	255	243	163	32	1	0	8	13	12	8	0	0	26	141	238	255	255	253	250	251	255	255	255	255	255
255	255	255	255	254	249	251	255	255	251	255	255	198	211	228	223	226	226	230	228	218	195	249	255	252	255	255	252	249	254	255	255	255	255	255	255	255	254	255	255	255	253	253	255	251	189	77	66	70	62	61	60	63	64	66	70	168	245	255	251	252	255	255	255	253	254	254	255	253	253	253	255	255	250	248	251	255	255	243	163	32	1	0	8	13	12	8	0	0	26	141	238	255	255	253	250	251	255	255	255	255	255
255	255	255	255	254	249	251	255	255	251	255	255	198	211	228	223	226	226	230	228	218	195	249	255	252	255	255	252	249	254	255	255	255	255	255	255	255	254	255	255	255	253	253	255	251	189	77	66	70	62	61	60	63	64	66	70	168	245	255	251	252	255	255	255	253	254	254	255	253	253	253	255	255	250	248	251	255	255	243	163	32	1	0	8	13	12	8	0	0	26	141	238	255	255	253	250	251	255	255	255	255	255
255	255	255	255	254	249	251	255	255	251	255	255	198	211	228	223	226	226	230	228	218	195	249	255	252	255	255	252	249	254	255	255	255	255	255	255	255	254	255	255	255	253	253	255	251	189	77	66	70	62	61	60	63	64	66	70	168	245	255	251	252	255	255	255	253	254	254	255	253	253	253	255	255	250	248	251	255	255	243	163	32	1	0	8	13	12	8	0	0	26	141	238	255	255	253	250	251	255	255	255	255	255
255	255	255	255	254	249	251	255	255	251	255	255	198	211	228	223	226	226	230	228	218	195	249	255	252	255	255	252	249	254	255	255	255	255	255	255	255	254	255	255	255	253	253	255	251	189	77	66	70	62	61	60	63	64	66	70	168	245	255	251	252	255	255	255	253	254	254	255	253	253	253	255	255	250	248	251	255	255	243	163	32	1	0	8	13	12	8	0	0	26	141	238	255	255	253	250	251	255	255	255	255	255
255	255	255	255	254	249	251	255	255	251	255	255	198	211	228	223	226	226	230	228	218	195	249	255	252	255	255	252	249	254	255	255	255	255	255	255	255	254	255	255	255	253	253	255	251	189	77	66	70	62	61	60	63	64	66	70	168	245	255	251	252	255	255	255	253	254	254	255	253	253	253	255	255	250	248	251	255	255	243	163	32	1	0	8	13	12	8	0	0	26	141	238	255	255	253	250	251	255	255	255	255	255
255	255	255	255	254	249	251	255	255	251	255	255	198	211	228	223	226	226	230	228	218	195	249	255	252	255	255	252	249	254	255	255	255	255	255	255	255	254	255	255	255	253	253	255	251	189	77	66	70	62	61	60	63	64	66	70	168	245	255	251	252	255	255	255	253	254	254	255	253	253	253	255	255	250	248	251	255	255	243	163	32	1	0	8	13	12	8	0	0	26	141	238	255	255	253	250	251	255	255	255	255	255
255	255	255	255	254	249	251	255	255	251	255	255	198	211	228	223	226	226	230	228	218	195	249	255	252	255	255	252	249	254	255	255	255	255	255	255	255	254	255	255	255	253	253	255	251	189	77	66	70	62	61	60	63	64	66	70	168	245	255	251	252	255	255	255	253	254	254	255	253	253	253	255	255	250	248	251	255	255	243	163	32	1	0	8	13	12	8	0	0	26	141	238	255	255	253	250	251	255	255	255	255	255
255	255	255	255	254	249	251	255	255	251	255	255	198	211	228	223	226	226	230	228	218	195	249	255	252	255	255	252	249	254	255	255	255	255	255	255	255	254	255	255	255	253	253	255	251	189	77	66	70	62	61	60	63	64	66	70	168	245	255	251	252	255	255	255	253	254	254	255	253	253	253	255	255	250	248	251	255	255	243	163	32	1	0	8	13	12	8	0	0	26	141	238	255	255	253	250	251	255	255	255	255	255
255	255	255	255	254	249	251	255	255	251	255	255	198	211	228	223	226	226	230	228	218	195	249	255	252	255	255	252	249	254	255	255	255	255	255	255	255	254	255	255	255	253	253	255	251	189	77	66	70	62	61	60	63	64	66	70	168	245	255	251	252	255	255	255	253	254	254	255	253	253	253	255	255	250	248	251	255	255	243	163	32	1	0	8	13	12	8	0	0	26	141	238	255	255	253	250	251	255	255	255	255	255
255	255	255	255	254	249	251	255	255	251	255	255	198	211	228	223	226	226	230	228	218	195	249	255	252	255	255	252	249	254	255	255	255	255	255	255	255	254	255	255	255	253	253	255	251	189	77	66	70	62	61	60	63	64	66	70	168	245	255	251	252	255	255	255	253	254	254	255	253	253	253	255	255	250	248	251	255	255	243	163	32	1	0	8	13	12	8	0	0	26	141	238	255	255	253	250	251	255	255	255	255	255
255	255	255	255	254	249	251	255	255	251	255	255	198	211	228	223	226	226	230	228	218	195	249	255	252	255	255	252	249	254	255	255	255	255	255	255	255	254	255	255	255	253	253	255	251	189	77	66	70	62	61	60	63	64	66	70	168	245	255	251	252	255	255	255	253	254	254	255	253	253	253	255	255	250	248	251	255	255	243	163	32	1	0	8	13	12	8	0	0	26	141	238	255	255	253	250	251	255	255	255	255	255
255	255	255	255	254	249	251	255	255	251	255	255	198	211	228	223	226	226	230	228	219	196	250	255	252	255	255	252	249	254	255	255	255	255	255	255	255	254	255	255	255	253	253	255	251	189	77	66	70	62	61	60	63	64	67	71	169	247	255	251	252	255	255	255	253	254	254	255	253	253	253	255	255	250	248	251	255	255	243	163	32	1	0	8	13	12	8	0	0	27	142	240	255	255	253	250	251	255	255	255	255	255
255	255	255	255	254	249	251	255	255	251	255	255	198	211	228	223	226	226	230	228	219	196	250	255	252	255	255	252	249	254	255	255	255	255	255	255	255	254	255	255	255	253	253	255	251	189	77	66	70	62	61	60	63	64	67	71	169	247	255	251	252	255	255	255	253	254	254	255	253	253	253	255	255	250	248	251	255	255	243	163	32	1	0	8	13	12	8	0	0	27	142	240	255	255	253	250	251	255	255	255	255	255
255	255	255	255	254	249	251	255	255	251	255	255	198	211	228	223	226	226	230	228	219	196	250	255	252	255	255	252	249	254	255	255	255	255	255	255	255	254	255	255	255	253	253	255	251	189	77	66	70	62	61	60	63	64	67	71	169	247	255	251	252	255	255	255	253	254	254	255	253	253	253	255	255	250	248	251	255	255	243	163	32	1	0	8	13	12	8	0	0	27	142	240	255	255	253	250	251	255	255	255	255	255
255	255	255	255	254	249	251	255	255	251	255	255	198	211	228	223	226	226	230	228	219	196	250	255	252	255	255	252	249	254	255	255	255	255	255	255	255	254	255	255	255	253	253	255	251	189	77	66	70	62	61	60	63	64	67	71	169	247	255	251	252	255	255	255	253	254	254	255	253	253	253	255	255	250	248	251	255	255	243	163	32	1	0	8	13	12	8	0	0	27	142	240	255	255	253	250	251	255	255	255	255	255
255	255	255	255	254	249	251	255	255	251	255	255	198	211	228	223	226	226	230	228	219	196	250	255	252	255	255	252	249	254	255	255	255	255	255	255	255	254	255	255	255	253	253	255	251	189	77	66	70	62	61	60	63	64	67	71	169	247	255	251	252	255	255	255	253	254	254	255	253	253	253	255	255	250	248	251	255	255	243	163	32	1	0	8	13	12	8	0	0	27	142	240	255	255	253	250	251	255	255	255	255	255
255	255	255	255	254	249	251	255	255	251	255	255	198	211	228	223	226	226	230	228	219	196	250	255	252	255	255	252	249	254	255	255	255	255	255	255	255	254	255	255	255	253	253	255	251	189	77	66	70	62	61	60	63	64	67	71	169	247	255	251	252	255	255	255	253	254	254	255	253	253	253	255	255	250	248	251	255	255	243	163	32	1	0	8	13	12	8	0	0	27	142	240	255	255	253	250	251	255	255	255	255	255
255	255	255	255	254	249	251	255	255	251	255	255	198	211	228	223	226	226	230	228	219	196	250	255	252	255	255	252	249	254	255	255	255	255	255	255	255	254	255	255	255	253	253	255	251	189	77	66	70	62	61	60	63	64	67	71	169	247	255	251	252	255	255	255	253	254	254	255	253	253	253	255	255	250	248	251	255	255	243	163	32	1	0	8	13	12	8	0	0	27	142	240	255	255	253	250	251	255	255	255	255	255
255	255	255	255	255	249	251	255	255	254	255	255	199	218	235	227	228	229	235	234	224	197	250	255	255	255	255	251	248	255	255	255	255	255	255	254	254	252	254	255	255	252	251	254	249	188	76	63	66	61	61	59	61	61	65	71	169	245	254	250	251	255	255	253	251	253	254	255	255	255	255	255	255	253	250	250	255	255	248	165	32	0	0	3	9	10	8	0	0	23	142	243	255	255	255	255	255	255	255	255	255	255
255	255	255	255	255	245	249	255	255	255	255	255	193	241	242	236	238	236	233	252	237	207	246	255	255	255	255	249	245	255	255	255	255	255	254	253	251	250	252	255	255	250	245	249	245	192	65	67	53	56	62	59	49	60	63	77	165	246	249	244	248	253	252	250	249	252	254	254	255	255	255	255	255	255	253	248	251	255	255	173	20	7	0	0	5	9	0	0	2	27	138	255	255	255	255	255	255	255	255	255	253	255
255	245	251	255	250	239	245	255	255	248	255	255	191	237	242	231	224	233	230	245	223	191	233	255	255	255	255	245	239	250	255	251	245	255	255	246	250	245	248	255	255	252	246	243	241	192	71	69	57	59	60	66	56	59	55	73	163	247	251	245	250	255	253	246	245	251	247	255	255	251	255	254	253	254	251	243	247	255	255	168	21	7	0	0	0	13	3	0	0	12	129	255	255	254	253	255	255	255	254	251	242	253
251	244	244	251	248	237	240	255	255	248	255	255	182	216	226	212	202	203	209	230	211	187	231	255	248	255	255	240	237	248	251	244	244	251	255	255	255	255	255	255	255	255	255	255	253	205	86	74	69	71	69	67	67	73	71	93	183	255	255	254	255	255	255	255	255	255	255	255	255	255	255	255	252	251	246	236	243	255	255	171	28	8	0	0	2	5	3	2	0	23	134	246	255	244	243	255	255	254	251	248	248	253
252	239	248	255	251	247	249	255	255	255	255	247	173	197	215	211	205	200	207	220	198	180	226	255	249	255	255	249	247	251	255	248	239	252	255	254	255	255	249	255	255	245	252	254	248	194	80	64	70	80	82	76	78	76	67	90	175	247	249	253	245	255	255	249	255	255	255	255	255	249	251	246	236	241	236	216	232	255	242	154	19	0	3	12	15	14	12	3	0	12	118	227	241	230	219	241	246	234	239	241	238	251
255	255	255	255	255	255	255	255	255	255	255	255	199	206	219	208	202	206	212	218	198	194	246	255	255	255	255	255	255	255	255	255	255	255	255	254	244	245	243	252	251	239	242	245	240	189	89	62	66	69	72	76	74	65	56	87	172	244	247	243	239	250	252	244	247	247	255	255	253	251	237	236	225	227	221	207	218	241	231	147	30	2	8	12	14	18	12	0	0	9	111	219	232	212	206	223	227	222	225	223	239	250
255	255	242	255	255	248	255	255	255	255	255	255	220	223	231	214	209	207	218	229	221	218	243	255	255	255	255	255	248	255	255	242	255	255	253	248	193	185	182	184	186	167	182	184	175	148	85	62	63	59	63	61	64	63	62	86	139	180	185	183	168	187	185	183	187	196	250	254	251	244	188	172	161	157	155	133	154	176	161	104	29	10	14	11	14	10	10	3	0	12	76	150	164	149	129	152	154	156	162	173	234	248
255	255	192	199	207	188	198	199	209	189	189	214	217	233	247	234	237	227	236	247	241	223	210	190	182	209	199	198	188	207	199	192	255	255	250	221	105	79	79	73	79	59	66	66	67	69	54	48	60	58	68	58	61	61	58	62	67	70	60	67	60	80	74	80	81	106	222	250	250	220	98	63	54	44	45	23	36	51	46	22	0	2	19	17	27	15	16	12	1	0	7	36	36	29	17	42	40	48	55	89	211	246
255	255	196	200	218	203	220	224	226	214	208	229	238	241	248	228	236	234	235	243	241	233	224	215	218	226	224	220	203	218	200	196	255	255	249	237	92	56	61	59	72	57	58	64	60	68	64	53	56	49	60	58	56	52	54	60	64	69	69	59	58	73	60	62	57	93	237	249	248	232	79	30	26	22	32	13	19	39	30	14	3	7	17	9	21	17	13	8	1	0	2	32	37	15	10	29	18	24	27	74	228	246
255	255	195	213	227	216	216	235	232	219	216	224	230	235	234	228	226	226	228	234	235	230	224	216	219	232	235	216	216	227	213	195	255	255	250	238	93	66	63	65	62	62	58	63	65	65	63	58	58	60	61	61	60	58	58	63	65	65	63	58	62	62	65	63	65	93	237	250	244	224	68	23	12	12	8	6	7	22	18	0	0	4	11	13	15	15	13	11	4	0	0	20	23	7	4	8	12	12	25	70	226	246
255	255	195	217	231	220	221	238	235	222	218	224	227	229	228	225	222	222	224	228	229	227	224	218	222	235	238	221	219	231	217	195	255	255	251	242	98	67	63	64	63	63	59	65	68	68	68	63	62	64	65	65	64	61	62	66	67	67	64	59	63	63	65	62	67	97	241	250	244	221	63	16	1	3	0	0	0	12	9	0	0	3	12	12	12	12	12	16	9	0	0	14	17	2	0	0	3	3	17	68	227	246
255	255	190	214	229	218	219	235	233	220	216	219	220	220	219	219	219	219	219	220	220	220	219	216	220	233	235	219	218	230	214	190	255	255	251	244	101	68	62	63	61	62	59	64	67	69	68	64	64	64	64	65	64	62	63	66	67	65	63	59	62	62	63	61	67	99	243	251	244	221	59	8	0	0	0	0	0	5	1	0	0	3	10	8	7	5	8	15	10	0	0	10	12	0	0	0	0	0	13	68	228	246
255	255	189	215	233	221	220	236	234	222	218	219	219	218	218	220	220	220	220	218	218	219	219	218	222	234	236	220	221	233	215	189	255	255	252	245	104	70	62	64	60	62	60	63	66	69	68	65	64	63	64	65	64	63	64	66	67	65	62	60	62	61	64	62	69	102	244	251	244	223	63	7	0	0	0	1	0	5	0	0	0	7	14	8	3	1	7	17	14	0	0	8	10	0	0	0	0	0	12	72	232	248
255	255	188	219	238	226	224	238	236	226	221	223	223	220	221	226	228	228	226	221	220	223	223	221	226	236	238	224	226	238	219	188	255	255	252	246	104	68	61	63	60	61	59	62	65	68	67	65	63	62	62	63	63	62	63	66	66	64	61	59	62	62	65	61	68	102	244	251	246	227	67	11	0	4	7	9	7	9	4	0	0	11	18	9	4	0	4	20	18	0	0	11	15	5	3	0	0	0	13	75	236	248
255	255	178	212	233	222	219	233	230	221	217	218	217	214	217	224	227	227	224	217	214	217	217	217	221	230	233	219	221	234	212	178	255	255	252	244	99	65	59	61	58	58	55	59	62	65	65	62	59	58	58	59	60	60	61	63	64	61	59	56	60	61	64	60	66	98	243	252	246	227	66	11	0	9	12	15	12	12	5	0	0	13	20	10	1	0	0	17	17	0	0	12	13	6	4	0	0	0	9	73	234	250
255	255	172	209	232	221	218	229	225	219	215	216	215	212	216	225	229	229	225	216	212	215	216	216	219	225	229	218	220	233	209	172	255	255	254	248	105	72	67	69	66	65	61	66	70	72	72	69	66	64	64	66	67	67	70	72	71	69	66	63	68	70	73	69	73	105	247	253	248	234	76	18	9	20	25	28	23	24	15	0	2	25	31	18	8	0	2	24	24	6	4	18	22	14	13	8	4	0	15	78	237	250
255	255	180	219	244	233	229	240	235	231	227	229	227	224	227	238	243	243	237	229	224	227	229	227	230	236	240	229	233	244	219	180	255	255	254	251	119	88	84	87	83	82	77	82	86	88	88	85	83	80	80	82	84	84	86	88	87	86	84	78	85	87	90	86	89	119	251	253	250	237	90	36	26	40	44	47	40	42	32	17	19	44	48	35	23	12	17	39	40	23	21	33	37	30	29	25	20	13	29	90	241	250
