248	218	105	84	82	82	81	81	81	81	82	82	85	86	88	89	92	89	85	82	82	82	82	82	82	82	82	82	82	82	82	82	82	103	205	246	254	254	194	200	201	201	201	201	201	201	200	200	199	199	199	199	197	198	199	200	200	200	200	200	200	200	200	200	200	200	200	200	200	194	242	255	252	255	236	255	255	255	255	255	255	255	255	255	255	255	255	252	252	254	255	255	255	255	255	255	255	255	255	255	255	255	255	255	255	241	255	255
248	218	93	71	71	71	69	69	69	69	71	71	72	74	75	76	78	76	74	71	72	71	72	71	72	71	72	71	72	71	72	71	72	92	205	246	254	254	185	192	192	191	192	192	191	191	191	191	190	190	190	190	189	189	190	191	190	191	190	191	190	191	190	191	190	191	190	191	190	185	242	255	252	255	226	249	249	251	252	252	254	254	252	252	251	249	245	244	244	245	249	251	252	251	252	251	252	251	252	251	252	251	252	251	252	229	255	255
248	217	87	65	65	65	65	65	65	65	65	66	66	67	67	67	69	69	69	67	69	67	69	67	69	67	69	67	69	67	69	67	69	90	205	246	254	255	184	191	191	191	191	191	191	191	191	190	191	190	190	191	190	190	190	191	190	191	190	191	190	191	190	191	190	191	190	191	190	183	243	255	252	255	226	249	249	249	250	250	250	250	250	250	249	247	247	245	245	245	245	243	245	243	245	243	245	243	245	243	245	243	245	243	245	224	255	255
248	216	88	64	64	64	64	64	64	64	64	64	64	64	64	64	64	64	67	67	67	67	67	67	67	67	67	67	67	67	67	67	67	89	204	246	254	255	187	195	195	195	194	194	194	194	194	194	195	195	195	195	195	195	194	194	194	194	194	194	194	194	194	194	194	194	194	194	194	187	244	255	252	255	229	251	251	251	252	252	252	252	252	252	251	251	251	251	251	249	247	245	245	245	245	245	245	245	245	245	245	245	245	245	245	226	255	255
248	216	83	59	59	59	60	60	60	60	59	59	59	58	58	58	56	56	59	59	59	59	59	59	59	59	59	59	59	59	59	59	59	83	202	246	254	255	186	194	194	194	193	193	193	193	194	194	194	195	195	195	195	195	194	194	194	194	194	194	194	194	194	194	194	194	194	194	194	186	244	255	252	255	229	250	250	250	249	249	249	249	249	249	250	250	250	250	252	250	249	249	249	249	249	249	249	249	249	249	249	249	249	249	249	227	255	255
248	216	81	58	58	59	59	59	59	59	59	58	58	58	56	56	55	56	60	62	62	62	62	62	62	62	62	62	62	62	62	62	62	84	204	246	254	255	187	194	194	194	194	194	195	195	195	195	195	195	195	195	196	195	192	192	192	192	192	192	192	192	192	192	192	192	192	192	192	185	243	255	252	255	229	252	252	250	249	249	247	247	247	249	249	250	250	252	252	254	254	254	254	254	254	254	254	254	254	254	254	254	254	254	254	231	255	255
248	216	85	61	61	62	62	62	62	62	62	61	61	61	61	61	60	64	71	75	75	75	75	75	75	75	75	75	75	75	75	75	75	95	206	246	254	255	188	196	196	195	195	195	196	196	196	197	197	196	196	196	197	194	189	187	187	187	187	187	187	187	187	187	187	187	187	187	187	181	241	255	252	255	233	254	254	252	251	251	249	249	249	249	249	251	252	252	252	255	255	255	255	255	255	255	255	255	255	255	255	255	255	255	255	238	255	255
248	216	83	61	61	61	61	61	61	61	61	62	62	64	65	65	65	68	71	73	73	73	73	73	73	73	73	73	73	73	73	73	73	93	206	246	254	255	184	191	191	191	191	192	192	192	192	192	192	191	190	190	190	188	186	184	184	184	184	184	184	184	184	184	184	184	184	184	184	178	241	255	252	255	230	253	251	251	249	248	248	246	244	244	244	244	246	246	244	248	253	255	255	255	255	255	255	255	255	255	255	255	255	255	255	233	255	255
248	217	89	67	66	66	64	64	64	66	62	75	60	76	70	81	83	75	70	66	66	66	66	66	66	66	66	66	66	66	66	66	66	88	201	242	254	255	184	191	192	192	192	193	193	193	187	199	180	191	180	188	189	185	192	193	193	193	193	193	193	193	193	193	193	193	193	193	193	186	241	252	252	255	230	253	253	253	253	251	250	248	241	251	233	245	233	240	239	236	243	244	244	244	244	244	244	244	244	244	244	244	244	244	244	225	253	253
248	218	92	71	68	67	66	66	66	67	70	81	70	98	97	102	100	91	86	81	81	81	81	81	81	81	81	81	81	81	81	81	81	100	210	243	254	254	183	189	190	191	192	192	192	192	191	196	180	200	189	189	183	179	186	188	188	188	188	188	188	188	188	188	188	188	188	188	188	181	244	253	252	255	228	251	253	253	253	253	251	250	248	251	231	249	236	234	227	219	222	222	222	222	222	222	222	222	222	222	222	222	222	222	222	208	253	254
248	220	95	74	71	68	66	64	64	67	64	78	87	147	172	186	191	196	199	199	199	199	199	199	199	199	199	199	199	199	199	199	199	208	230	246	254	254	182	188	189	190	191	192	192	191	183	187	184	234	246	250	247	247	249	250	250	250	250	250	250	250	250	250	250	250	250	250	250	247	249	255	252	255	227	250	251	253	255	255	255	253	241	243	235	255	255	255	255	255	255	255	255	255	255	255	255	255	255	255	255	255	255	255	255	255	255	255
248	220	97	75	71	68	64	61	63	66	71	80	95	175	211	221	230	237	239	241	242	241	242	241	242	241	242	241	242	241	242	241	242	242	244	248	254	254	182	188	189	190	192	193	192	191	189	185	186	248	255	255	255	255	255	255	254	255	254	255	254	255	254	255	254	255	254	255	254	255	255	255	252	255	223	246	250	253	255	255	255	255	250	240	233	255	255	255	255	255	255	255	255	255	255	255	255	255	255	255	255	255	255	255	255	255	255	255
248	220	97	74	70	66	60	57	59	61	74	79	95	179	220	233	239	252	255	255	255	255	255	255	255	255	255	255	255	255	255	255	255	255	251	248	254	254	182	189	191	192	194	195	194	193	194	185	179	243	255	255	249	253	254	254	253	254	253	254	253	254	253	254	253	254	253	254	253	255	255	255	252	255	221	243	248	253	255	255	255	255	254	237	223	255	255	255	255	255	255	255	255	255	255	255	255	255	255	255	255	255	255	255	255	255	255	255
248	220	97	74	68	63	57	53	54	59	70	77	97	187	231	247	255	255	255	255	255	255	255	255	255	255	255	255	255	255	255	255	255	255	251	248	254	254	183	190	192	193	195	196	196	194	193	183	179	244	255	255	254	252	252	253	252	253	252	253	252	253	252	253	252	253	252	253	252	254	255	255	252	255	218	241	246	251	255	255	255	255	252	233	219	255	255	255	251	246	251	251	253	251	253	251	253	251	253	251	253	251	253	251	253	253	255	255
248	220	95	71	66	60	53	49	50	54	70	83	101	187	231	250	255	255	255	254	254	254	254	254	254	254	254	254	254	254	254	254	254	252	248	247	254	254	184	192	193	195	197	198	197	196	196	189	183	241	255	252	242	243	254	255	255	255	255	255	255	255	255	255	255	255	255	255	255	255	255	255	252	255	216	239	244	251	255	255	255	255	255	239	220	255	255	249	232	232	251	255	255	255	255	255	255	255	255	255	255	255	255	255	255	255	255	255
246	218	94	70	63	57	53	52	53	57	59	75	100	187	235	255	255	255	255	252	251	251	251	251	251	252	252	254	254	254	254	254	252	252	248	249	255	255	184	192	194	196	197	197	196	195	188	185	184	243	255	255	252	252	254	255	255	255	255	255	255	255	255	255	255	255	255	255	255	255	254	255	252	255	219	241	246	251	255	255	255	255	245	234	221	255	255	253	239	239	251	255	255	255	255	255	255	255	255	255	255	255	255	255	255	255	254	255
246	218	94	68	60	56	59	61	64	64	64	70	92	181	232	249	253	255	255	254	252	251	249	249	251	254	255	255	255	255	255	255	255	255	254	254	255	254	183	191	195	197	195	193	192	192	193	188	184	245	255	255	252	255	255	255	255	255	255	255	255	255	254	253	251	252	254	255	255	255	255	255	252	255	227	250	250	251	255	255	255	253	248	234	223	255	255	255	247	244	250	251	250	248	248	248	250	253	255	255	255	255	251	248	244	244	253	255
246	218	94	68	59	56	61	66	70	68	64	68	89	180	232	248	249	255	255	255	254	252	251	251	254	255	255	255	255	255	255	255	255	255	255	255	255	254	182	191	196	197	194	192	190	191	193	189	185	245	255	255	254	255	255	255	255	255	255	255	255	255	251	250	249	249	251	253	255	255	255	255	252	255	230	251	251	251	253	253	253	251	248	234	225	255	255	255	250	248	251	253	250	248	246	248	250	253	255	255	255	255	253	250	244	244	251	255
246	218	94	68	59	56	60	64	68	68	64	68	91	181	233	251	252	255	255	255	255	255	255	255	255	255	255	255	255	255	255	255	255	255	255	255	255	254	182	191	196	197	195	192	190	191	193	189	185	244	255	255	253	255	253	252	254	254	255	254	253	251	249	248	247	248	249	251	253	255	254	255	252	255	228	251	251	251	253	253	255	251	248	236	223	255	255	255	245	246	255	255	255	255	255	255	255	255	255	255	255	255	255	255	255	253	255	255
246	218	95	70	59	56	60	64	68	68	64	68	91	183	236	254	255	255	255	255	255	255	255	255	255	255	255	255	255	255	255	255	255	254	255	255	255	254	182	190	196	197	195	192	190	190	193	189	185	244	255	255	252	254	253	252	253	254	254	254	253	251	249	248	248	249	250	252	254	255	255	255	252	255	227	250	250	251	253	255	255	253	250	236	223	255	255	255	241	244	255	255	255	255	255	255	255	255	255	255	255	255	255	255	255	255	255	255
246	218	95	71	60	56	60	64	68	68	64	70	92	186	239	255	255	255	255	251	251	252	254	254	255	255	255	255	255	254	251	248	247	248	252	255	255	254	182	190	196	197	195	192	190	190	193	188	184	243	255	254	251	254	254	255	255	255	255	255	255	255	253	252	252	253	255	255	255	255	255	255	252	255	225	248	248	250	253	255	255	255	250	236	223	255	255	255	238	243	255	255	255	255	253	253	255	255	255	255	255	255	255	255	255	255	255	255
246	218	97	71	60	57	61	64	68	68	64	70	94	186	239	255	255	255	254	249	251	252	254	255	255	255	255	254	252	249	248	247	245	248	252	255	255	254	181	190	196	197	194	192	189	190	193	188	183	243	255	253	250	255	255	255	255	255	255	255	255	255	255	255	255	255	255	255	255	255	255	255	252	255	225	246	248	250	253	255	255	255	251	238	223	255	255	255	238	239	255	255	255	251	248	246	248	250	255	255	255	255	255	255	255	255	255	255
246	218	97	71	60	57	61	66	70	68	64	70	92	184	237	255	255	255	254	251	252	255	255	255	255	255	255	254	252	251	249	249	249	251	254	255	255	254	182	190	196	197	194	191	188	190	193	188	184	243	255	254	251	255	255	255	255	255	255	255	255	255	255	255	255	255	255	255	255	255	255	255	252	255	223	246	248	250	253	255	255	255	251	238	225	255	255	255	238	239	248	251	248	243	239	237	237	241	246	250	251	251	251	248	246	246	253	255
246	218	95	71	60	57	63	67	70	70	64	68	91	181	233	251	252	255	251	251	254	255	255	255	255	255	255	254	252	252	254	255	255	255	255	255	255	254	183	190	196	197	193	191	189	189	193	188	184	244	255	255	253	255	255	255	255	255	255	255	255	255	255	255	255	255	255	255	255	255	255	255	252	255	223	246	248	250	253	255	255	255	251	240	227	255	255	255	245	243	250	251	248	244	239	237	239	241	246	248	250	250	248	244	241	243	251	255
246	218	95	70	60	57	63	68	71	70	71	58	93	171	227	241	238	245	248	251	254	255	255	255	255	255	252	250	253	255	255	255	255	255	255	255	255	254	182	191	196	197	193	190	188	189	200	180	191	241	255	255	253	255	255	255	255	254	253	254	253	254	252	254	254	255	253	249	249	252	254	255	252	255	225	246	248	250	251	253	255	255	255	231	236	255	255	255	250	251	255	255	255	253	250	248	250	253	252	255	255	255	250	243	239	243	251	255
246	218	94	68	59	57	64	70	73	71	69	61	93	161	217	228	229	231	233	235	240	244	247	247	245	242	240	238	238	245	254	255	255	255	255	255	255	254	183	191	196	197	193	190	188	189	198	185	198	240	255	255	255	255	255	255	255	255	255	255	255	255	255	255	255	255	255	252	249	250	254	255	252	255	227	248	248	250	250	251	255	253	255	237	246	255	255	255	255	255	255	255	255	255	255	255	255	255	255	255	255	255	255	253	245	246	251	255
246	217	92	67	59	59	66	71	74	71	66	62	83	124	165	174	170	169	164	165	170	172	175	175	172	170	170	166	169	190	231	245	255	255	255	255	255	255	183	191	196	196	192	189	188	189	195	189	195	217	230	229	229	231	230	228	226	225	224	224	225	226	230	225	223	233	255	255	253	252	254	255	252	255	228	251	250	250	250	250	251	251	253	244	245	255	255	255	245	246	255	255	255	255	255	255	255	255	255	255	249	252	255	255	255	252	255	255
246	217	89	64	57	59	67	73	77	73	63	58	68	84	104	108	100	93	91	90	94	97	98	98	95	92	93	91	101	132	206	233	247	254	255	255	255	255	184	192	196	196	192	189	187	189	193	192	189	190	188	186	184	183	189	189	187	185	184	184	185	187	190	184	185	202	253	255	255	254	255	255	252	255	232	253	251	250	248	248	250	250	251	245	242	240	235	225	212	210	226	231	231	231	231	233	235	235	235	225	221	228	255	255	255	254	255	255
246	216	88	63	56	59	68	74	78	74	63	61	64	68	78	85	78	69	62	60	63	66	67	66	62	60	64	62	74	106	201	226	242	251	254	255	255	255	184	192	197	196	192	189	187	188	194	198	195	187	182	183	186	187	191	190	189	187	186	186	188	189	195	188	187	200	255	255	255	255	255	255	252	255	234	255	253	250	246	246	246	248	250	252	251	243	237	232	225	225	233	239	239	240	242	246	247	247	251	236	227	228	255	255	255	255	255	255
246	216	87	61	56	59	70	77	80	75	62	60	63	64	71	75	70	63	58	58	61	63	63	62	59	56	58	60	75	102	207	230	248	255	255	255	255	255	184	193	196	196	191	188	187	188	196	201	199	194	189	191	197	200	200	200	198	196	195	195	196	198	200	195	194	200	255	255	255	255	255	255	252	255	237	255	255	250	246	243	243	244	249	254	255	252	250	248	248	246	248	250	252	255	255	255	255	255	255	250	236	229	255	255	255	250	253	255
246	216	85	60	54	59	70	78	81	75	62	55	54	57	62	58	51	52	58	62	65	67	67	66	62	60	57	64	83	109	223	245	255	255	255	255	255	255	184	193	197	196	191	188	186	189	196	199	197	195	191	190	196	199	196	193	192	189	189	189	190	191	189	187	188	188	255	255	249	249	253	255	252	255	239	255	255	250	244	241	241	243	249	252	255	255	255	254	253	251	245	245	247	252	255	255	255	255	254	244	233	218	255	255	242	239	250	255
246	216	85	60	54	57	70	77	81	74	59	48	49	55	62	57	49	53	61	68	71	72	74	72	68	67	65	74	95	118	230	250	255	255	255	255	255	255	184	193	197	197	191	188	186	189	195	195	195	197	195	192	197	202	197	194	192	190	188	188	189	190	190	190	192	187	255	251	243	246	252	255	252	255	239	255	255	250	244	241	241	243	247	249	254	255	255	255	255	255	247	244	249	254	255	255	255	255	255	249	237	218	255	255	239	239	250	255
246	216	87	60	54	57	67	74	77	71	54	48	57	55	63	69	55	55	60	65	69	72	73	72	69	66	65	74	93	116	228	247	255	255	255	255	255	255	184	193	197	197	193	189	188	190	193	197	203	194	190	196	195	196	195	193	190	187	185	185	185	188	188	189	190	187	255	251	242	246	252	255	252	255	237	255	255	250	244	243	243	246	248	253	255	255	255	255	255	250	242	240	245	252	255	255	255	255	255	246	233	217	255	255	247	246	253	255
246	216	87	61	56	57	66	73	75	70	61	56	60	60	67	70	61	57	61	62	65	68	71	69	66	65	65	69	85	112	221	244	255	255	255	255	255	255	185	193	197	197	193	190	188	191	202	202	202	193	186	188	187	191	194	193	190	188	185	184	185	187	188	186	186	189	255	255	250	248	253	255	252	255	234	255	253	250	246	244	244	248	255	255	255	255	254	252	246	242	237	237	244	251	255	255	255	255	255	240	228	219	255	255	255	255	255	255
246	216	88	63	56	57	66	71	74	70	51	48	54	64	76	81	81	77	66	63	67	70	73	71	69	66	71	68	78	103	209	229	242	245	255	255	255	255	184	193	197	197	193	190	189	190	190	193	190	188	184	184	193	200	199	200	197	195	192	192	193	195	201	194	190	194	255	255	250	242	255	255	252	255	232	255	251	250	246	246	246	250	247	250	250	250	248	243	243	244	240	242	247	253	255	255	255	255	255	244	228	223	255	255	255	251	255	255
246	217	89	64	57	57	66	70	74	70	69	66	66	83	96	90	90	82	73	70	74	77	80	80	76	74	72	73	87	116	209	230	245	254	255	255	255	255	184	192	197	197	193	191	188	190	205	207	196	198	189	176	182	185	192	193	190	188	185	185	187	188	189	185	188	201	255	255	255	254	255	255	252	255	230	253	250	248	248	248	248	250	255	255	254	255	246	227	223	218	224	226	229	234	240	242	243	240	233	223	218	222	255	255	255	255	255	255
246	217	92	67	59	57	64	68	73	68	51	54	60	100	127	122	129	119	115	114	118	121	124	124	122	120	118	122	131	154	214	233	249	255	255	255	255	255	183	192	196	197	193	191	188	191	186	189	181	201	203	187	195	194	201	201	198	197	195	194	195	197	200	201	203	213	252	251	249	251	254	255	252	255	228	250	250	248	248	250	251	251	244	245	236	253	252	227	227	215	218	218	221	223	227	228	228	227	222	218	215	219	255	253	251	251	255	255
246	218	94	68	60	57	64	68	71	68	58	69	87	157	208	213	221	220	219	219	224	227	230	230	228	226	223	223	227	234	245	255	255	255	255	255	255	254	183	191	196	197	193	191	189	190	191	200	198	245	255	255	255	255	255	255	255	255	255	255	255	255	255	255	255	255	255	255	251	251	253	255	252	255	227	248	248	248	250	251	253	253	250	254	251	255	255	255	255	255	255	255	255	255	255	255	255	255	255	255	255	255	255	251	248	248	253	255
246	218	95	71	60	59	63	67	70	68	62	71	85	166	221	226	238	234	243	246	251	254	255	255	255	254	246	244	246	253	255	255	255	255	255	255	255	254	182	190	196	196	193	191	189	190	192	196	187	241	255	250	255	254	255	255	254	253	252	252	253	253	252	253	253	254	252	247	243	247	253	255	252	255	225	246	248	250	251	253	255	255	252	250	236	255	255	255	255	255	255	255	255	255	255	255	255	255	252	250	246	248	247	243	240	246	251	255
246	218	97	71	61	59	63	67	70	68	63	72	83	171	231	240	251	249	255	255	255	255	255	255	255	255	255	255	255	255	255	255	255	255	255	255	255	254	182	191	195	196	193	191	189	190	193	193	180	236	255	249	255	250	253	252	249	248	247	246	248	249	252	253	253	252	250	249	246	248	252	255	252	255	223	244	248	250	251	255	255	255	251	246	225	255	255	255	255	245	254	255	255	254	252	252	250	250	250	250	250	250	250	250	251	251	255	255
246	218	97	73	61	59	63	66	68	68	64	68	92	184	237	255	255	255	255	255	255	255	255	255	255	255	255	255	255	255	255	255	255	255	255	255	255	254	182	190	195	196	193	191	190	190	193	188	183	243	255	253	251	253	253	252	251	250	249	249	250	251	252	254	254	254	253	252	250	251	254	255	252	255	223	244	248	250	251	255	255	255	251	238	227	255	255	255	245	248	255	255	255	255	255	255	255	255	255	255	255	255	255	255	255	255	255	255
246	218	98	73	61	57	63	66	68	68	66	70	94	187	241	255	255	255	255	254	255	255	255	255	255	255	254	252	249	249	248	248	248	251	254	255	255	254	181	189	195	197	193	191	190	190	192	188	183	242	255	252	249	252	253	253	253	252	252	253	253	254	255	255	255	255	255	255	255	254	255	255	252	255	225	246	248	250	251	255	255	255	250	236	225	255	255	255	240	244	255	255	255	255	255	255	255	255	255	255	255	255	255	255	255	255	255	255
246	218	98	73	61	57	63	66	70	68	66	71	95	187	241	255	255	255	255	249	251	251	251	251	251	251	249	248	247	245	244	242	242	245	252	255	255	254	181	189	195	197	193	192	189	190	193	187	183	242	255	251	249	253	255	255	255	255	255	255	255	255	255	255	255	255	255	255	255	255	255	255	252	255	225	248	248	250	251	253	255	253	248	234	223	255	255	255	240	243	255	255	255	255	255	255	255	253	255	255	255	255	255	255	255	255	255	255
246	218	97	73	61	59	63	66	70	70	66	71	94	187	240	255	255	255	255	252	251	251	249	249	249	249	249	249	248	248	247	245	244	245	252	255	255	254	181	189	194	196	193	192	190	190	193	188	184	242	255	252	250	253	255	255	255	255	255	255	255	255	255	255	255	255	255	255	255	255	255	255	252	255	228	250	250	251	251	253	253	251	246	232	221	255	255	255	241	241	251	255	255	253	251	250	248	248	250	251	253	255	255	255	255	255	255	255
246	218	97	71	61	59	63	67	71	70	66	71	94	184	237	255	255	255	255	255	255	255	254	254	254	254	255	255	255	255	255	254	252	252	254	255	255	254	180	189	194	196	193	191	189	190	193	188	184	243	255	254	251	255	254	255	255	255	255	255	255	255	255	255	255	255	255	255	255	255	255	255	252	255	230	253	253	251	251	251	251	250	244	232	221	255	255	255	245	243	244	246	246	244	244	243	241	241	243	243	244	244	246	248	248	251	253	255
246	218	97	71	61	59	63	67	71	71	67	71	92	183	234	251	252	255	255	255	255	255	255	254	254	255	255	255	255	255	255	255	255	255	255	255	255	254	180	188	193	195	193	191	189	190	193	188	184	244	255	255	252	255	253	253	255	255	255	255	255	255	255	255	254	254	254	255	255	255	255	255	252	255	232	255	255	253	251	251	251	248	243	231	221	255	255	255	250	246	246	246	246	246	246	244	244	244	244	244	244	244	244	246	246	248	253	255
246	218	95	70	60	57	64	68	73	71	67	70	91	181	232	248	248	255	255	255	255	255	251	249	251	252	255	255	255	255	255	255	255	255	255	255	255	254	180	189	194	196	193	191	189	190	193	189	185	244	255	255	254	255	252	252	253	254	255	255	255	255	255	253	252	251	251	252	252	254	254	255	252	255	234	255	255	253	251	250	250	246	243	231	221	255	255	255	254	253	255	255	255	255	255	255	255	255	255	255	255	255	255	253	253	253	255	255
246	218	95	70	61	59	63	66	68	70	68	74	95	183	233	248	251	255	255	255	255	252	249	249	249	251	254	255	255	255	255	255	255	255	255	254	255	254	181	190	194	195	193	192	190	190	192	187	183	244	255	255	253	255	252	252	253	255	255	255	255	255	254	253	252	252	252	252	253	254	255	255	252	255	230	253	253	253	253	253	253	250	244	231	221	255	255	255	252	251	255	255	255	255	255	255	255	255	255	255	255	255	255	255	255	255	255	255
246	218	94	70	64	60	59	59	60	64	70	83	103	188	234	252	255	255	255	254	252	251	251	251	251	251	252	252	254	254	254	254	254	252	251	249	255	255	183	191	193	195	195	194	193	192	189	185	181	239	255	255	252	252	253	254	255	255	255	255	255	255	255	255	254	254	254	254	254	255	255	255	252	255	223	244	248	251	255	255	255	255	247	234	220	255	255	255	246	246	255	255	255	255	255	255	255	255	255	255	255	255	255	255	255	255	255	255
248	218	92	70	66	61	57	56	57	63	74	86	106	192	235	251	255	255	255	254	254	254	254	254	254	254	254	254	254	254	254	254	254	252	249	248	254	255	185	192	193	194	195	195	194	192	190	183	179	241	255	255	253	252	254	255	255	255	255	255	255	255	255	255	255	255	255	255	255	255	255	255	252	255	219	241	246	251	255	255	255	255	251	236	220	255	255	255	248	246	253	255	255	255	255	255	255	255	255	255	255	255	255	255	255	255	255	255
248	218	92	68	66	63	59	57	59	64	76	83	101	186	227	240	247	255	255	255	255	255	255	255	255	255	255	255	255	255	255	255	255	255	251	248	254	255	185	192	193	193	194	195	194	192	192	183	180	245	255	255	252	255	254	254	254	254	254	254	254	254	254	254	254	254	254	254	254	255	255	255	252	255	219	243	246	251	255	255	255	255	253	235	221	255	255	255	255	251	248	244	246	244	246	244	246	244	246	244	246	244	246	244	246	248	255	255
248	218	91	68	66	63	60	59	60	64	71	75	91	175	214	227	232	242	248	251	251	251	251	251	251	251	251	251	251	251	251	251	251	249	249	248	254	254	185	192	193	193	194	194	193	192	187	179	178	245	255	255	255	255	255	255	255	255	255	255	255	255	255	255	255	255	255	255	255	255	255	255	252	255	223	244	248	253	255	255	255	255	246	230	223	255	255	255	255	255	255	251	251	251	251	251	251	251	251	251	251	251	251	251	251	253	255	255
248	217	89	67	66	63	61	61	61	66	80	86	96	168	197	208	214	221	223	225	225	225	225	225	225	225	225	225	225	225	225	225	225	230	237	248	254	255	185	192	192	193	193	193	193	192	199	196	192	251	255	255	255	255	255	255	255	255	255	255	255	255	255	255	255	255	255	255	255	255	255	255	252	255	227	248	251	253	255	255	255	251	255	247	240	255	255	255	255	255	255	255	255	255	255	255	255	255	255	255	255	255	255	255	255	255	255	255
248	217	88	66	64	64	63	63	63	66	60	67	64	108	117	119	121	124	122	121	122	121	122	121	122	121	122	121	122	121	122	121	122	133	222	246	254	255	185	192	192	192	193	193	193	192	181	181	169	203	201	198	195	197	197	197	197	197	197	197	197	197	197	197	197	197	197	197	197	193	249	255	252	255	228	251	253	253	253	253	253	250	236	233	217	249	245	237	230	230	229	229	229	229	229	229	229	229	229	229	229	229	229	229	229	217	255	255
248	217	88	64	64	64	64	64	64	66	75	86	71	92	82	85	84	82	75	71	72	71	72	71	72	71	72	71	72	71	72	71	72	92	208	242	254	255	185	192	192	192	192	193	193	193	196	203	185	200	184	183	180	180	185	186	185	186	185	186	185	186	185	186	185	186	185	186	185	179	244	252	252	255	230	253	253	253	253	251	250	248	251	255	237	249	233	232	228	229	238	241	241	241	241	241	241	241	241	241	241	241	241	241	241	222	255	253
248	217	87	64	64	64	64	66	66	67	61	78	64	77	64	73	79	75	65	61	61	61	61	61	61	61	61	61	61	61	61	61	61	85	200	240	254	255	185	192	192	192	193	192	193	192	185	199	184	194	179	188	192	194	193	194	194	194	194	194	194	194	194	194	194	194	194	194	194	187	242	250	252	255	232	255	255	253	251	250	248	246	239	252	237	248	234	243	248	252	255	255	255	255	255	255	255	255	255	255	255	255	255	255	255	236	255	251
248	217	85	62	64	64	64	65	65	65	66	65	65	65	64	64	64	62	61	59	59	59	59	59	59	59	59	59	59	59	59	59	59	82	202	246	254	254	183	190	189	190	190	190	190	190	190	190	190	190	190	190	189	190	191	191	191	191	191	191	191	191	191	191	191	191	191	191	191	185	244	255	252	255	232	255	253	251	249	248	246	244	244	244	246	248	249	251	253	253	253	253	253	253	253	253	253	253	253	253	253	253	253	253	253	230	255	255
248	217	89	67	67	68	68	68	69	69	68	67	65	64	62	61	61	61	64	64	64	64	64	64	64	64	64	64	64	64	64	64	64	86	204	246	254	254	185	192	192	192	192	193	193	193	193	194	194	194	194	194	194	194	194	194	194	194	194	194	194	194	194	194	194	194	194	194	194	187	243	255	252	255	235	255	255	254	252	249	247	247	247	249	251	252	255	255	255	255	254	252	252	252	252	252	252	252	252	252	252	252	252	252	252	231	255	255
248	217	87	66	66	67	67	67	67	67	66	65	63	62	60	59	59	60	63	66	66	66	66	66	66	66	66	66	66	66	66	66	66	87	204	246	254	254	183	189	190	190	190	190	191	191	191	192	192	192	192	192	192	192	192	191	191	191	191	191	191	191	191	191	191	191	191	191	191	184	243	255	252	255	233	255	254	250	249	247	245	245	247	247	250	252	255	255	255	255	250	245	245	245	245	245	245	245	245	245	245	245	245	245	245	226	255	255
248	217	88	67	67	67	67	67	67	66	66	65	63	62	62	60	60	62	65	66	66	66	66	66	66	66	66	66	66	66	66	66	66	87	205	246	254	255	183	189	189	190	190	190	190	191	191	191	192	192	191	192	191	191	191	191	191	191	191	191	191	191	191	191	191	191	191	191	191	184	242	255	252	255	231	254	252	250	249	247	247	247	247	249	250	252	255	255	255	255	250	245	247	245	247	245	247	245	247	245	247	245	247	245	247	226	255	255
248	218	92	71	71	71	69	69	68	68	68	68	67	67	67	67	67	65	65	65	65	65	65	65	65	65	65	65	65	65	65	65	65	88	204	246	254	254	184	191	191	191	192	192	193	193	193	193	193	193	193	192	192	193	193	194	193	194	193	194	193	194	193	194	193	194	193	194	193	186	243	255	252	255	231	254	252	252	251	251	251	251	251	251	252	254	254	255	255	255	254	252	254	252	254	252	254	252	254	252	254	252	254	252	254	231	255	255
248	218	91	70	70	69	67	67	66	66	66	66	66	67	67	67	69	67	66	65	65	65	65	65	65	65	65	65	65	65	65	65	65	87	204	246	254	254	182	188	188	189	190	190	191	191	191	191	190	190	190	190	189	189	190	191	191	191	191	191	191	191	191	191	191	191	191	191	191	184	243	255	252	255	227	250	250	250	249	249	249	249	249	249	250	250	250	250	252	252	252	252	252	252	252	252	252	252	252	252	252	252	252	252	252	229	255	255
248	218	95	74	72	71	69	69	68	68	68	68	69	71	72	74	75	75	74	72	72	72	72	72	72	72	72	72	72	72	72	72	72	93	205	246	254	254	184	190	190	191	192	192	192	192	192	192	192	191	190	190	189	189	190	191	191	191	191	191	191	191	191	191	191	191	191	191	191	184	242	255	252	255	228	251	251	251	252	252	252	252	252	252	251	251	251	251	249	249	249	249	249	249	249	249	249	249	249	249	249	249	249	249	249	228	255	255
248	218	106	84	84	81	81	79	78	78	78	78	81	82	84	85	88	86	86	85	85	85	85	85	85	85	85	85	85	85	85	85	85	105	206	246	254	254	193	200	200	201	201	202	202	202	202	202	201	200	200	199	198	199	199	200	200	200	200	200	200	200	200	200	200	200	200	200	200	194	242	255	252	255	238	255	255	255	255	255	255	255	255	255	255	255	255	255	255	255	255	255	255	255	255	255	255	255	255	255	255	255	255	255	255	236	255	255
