240	184	89	91	84	81	80	78	80	82	87	94	178	241	248	254	252	255	255	255	255	255	255	255	254	252	245	219	98	91	85	81	81	80	81	82	88	88	169	237	255	211	115	121	120	122	122	123	122	121	118	120	202	255	255	254	250	253	253	253	255	254	254	254	252	255	255	238	119	117	120	122	121	122	121	121	120	118	196	255	255	255	212	243	240	240	242	242	240	240	243	215	238	255	255	255	255	255	254	254	253	252	253	255	255	255	255	255	210	238	236	238	242	243	243	242	243	214	243	255
240	176	78	78	70	67	66	64	66	68	73	80	178	241	248	254	252	255	255	255	255	255	255	255	254	252	245	219	84	77	71	67	67	66	67	68	75	77	161	232	255	203	104	108	106	108	108	109	108	107	104	106	202	255	255	254	250	253	253	253	255	254	254	254	252	255	255	238	105	103	106	108	107	108	107	107	107	107	188	254	255	250	201	230	226	226	228	228	226	226	229	201	238	255	255	255	255	255	254	254	253	252	253	255	255	255	255	255	196	224	222	224	228	229	229	228	230	203	235	255
240	173	73	71	65	62	61	59	61	63	68	75	178	241	248	254	252	255	255	255	255	255	255	255	254	252	245	219	79	72	66	62	62	61	62	63	67	71	157	231	255	200	99	101	101	103	103	104	103	102	99	101	202	255	255	254	250	253	253	253	255	254	254	254	252	255	255	238	100	98	101	103	102	103	102	102	99	101	184	253	255	247	196	223	221	221	223	223	221	221	224	196	238	255	255	255	255	255	254	254	253	252	253	255	255	255	255	255	191	219	217	219	223	224	224	223	222	197	231	255
240	177	76	74	69	66	65	63	65	67	72	79	178	241	248	254	252	255	255	255	255	255	255	255	254	252	245	219	83	76	70	66	66	65	66	67	70	74	161	235	255	204	102	104	105	107	107	108	107	106	103	105	202	255	255	254	250	253	253	253	255	254	254	254	252	255	255	238	104	102	105	107	106	107	106	106	102	104	188	255	255	251	199	226	225	225	227	227	225	225	228	200	238	255	255	255	255	255	254	254	253	252	253	255	255	255	255	255	195	223	221	223	227	228	228	227	225	200	235	255
240	179	79	76	68	65	64	62	64	66	71	78	178	241	248	254	252	255	255	255	255	255	255	255	254	252	245	219	82	75	69	65	65	64	65	66	72	76	163	237	255	206	105	106	104	106	106	107	106	105	102	104	202	255	255	254	250	253	253	253	255	254	254	254	252	255	255	238	103	101	104	106	105	106	105	105	104	106	190	255	255	253	202	228	224	224	226	226	224	224	227	199	238	255	255	255	255	255	254	254	253	252	253	255	255	255	255	255	194	222	220	222	226	227	227	226	227	202	237	255
240	176	75	73	67	64	63	61	63	65	70	77	178	241	248	254	252	255	255	255	255	255	255	255	254	252	245	219	81	74	68	64	64	63	64	65	68	72	160	234	255	203	101	103	103	105	105	106	105	104	101	103	202	255	255	254	250	253	253	253	255	254	254	254	252	255	255	238	102	100	103	105	104	105	104	104	100	102	187	255	255	250	198	225	223	223	225	225	223	223	226	198	238	255	255	255	255	255	254	254	253	252	253	255	255	255	255	255	193	221	219	221	225	226	226	225	223	198	234	255
240	175	75	73	68	65	64	62	64	66	71	78	178	241	248	254	252	255	255	255	255	255	255	255	254	252	245	219	82	75	69	65	65	64	65	66	67	71	158	233	255	202	101	103	104	106	106	107	106	105	102	104	202	255	255	254	250	253	253	253	255	254	254	254	252	255	255	238	103	101	104	106	105	106	105	105	99	101	185	255	255	249	198	225	224	224	226	226	224	224	227	199	238	255	255	255	255	255	254	254	253	252	253	255	255	255	255	255	194	222	220	222	226	227	227	226	222	197	232	255
240	177	78	77	67	64	63	61	63	65	70	77	178	241	248	254	252	255	255	255	255	255	255	255	254	252	245	219	81	74	68	64	64	63	64	65	72	75	160	234	255	204	104	107	103	105	105	106	105	104	101	103	202	255	255	254	250	253	253	253	255	254	254	254	252	255	255	238	102	100	103	105	104	105	104	104	104	105	187	255	255	251	201	229	223	223	225	225	223	223	226	198	238	255	255	255	255	255	254	254	253	252	253	255	255	255	255	255	193	221	219	221	225	226	226	225	227	201	234	255
240	177	77	72	68	65	64	62	64	66	71	78	176	241	249	254	252	255	255	255	255	255	255	255	254	252	245	219	82	75	69	65	65	64	65	66	71	74	161	234	255	204	103	102	104	106	106	107	106	105	102	104	200	255	255	254	250	253	253	254	255	254	254	254	252	255	255	238	103	101	104	106	105	106	105	105	103	104	188	255	255	251	200	224	224	224	226	226	224	224	227	199	236	255	255	255	255	255	254	255	253	252	253	255	255	255	255	255	194	222	220	222	226	227	227	226	226	200	235	255
240	177	77	72	68	65	64	62	64	66	71	78	176	241	249	254	252	255	255	255	255	255	255	255	254	252	245	219	82	75	69	65	65	64	65	66	71	74	161	234	255	204	103	102	104	106	106	107	106	105	102	104	200	255	255	254	250	253	253	254	255	254	254	254	252	255	255	238	103	101	104	106	105	106	105	105	103	104	188	255	255	251	200	224	224	224	226	226	224	224	227	199	236	255	255	255	255	255	254	255	253	252	253	255	255	255	255	255	194	222	220	222	226	227	227	226	226	200	235	255
240	177	77	72	68	65	64	62	64	66	71	78	176	241	249	254	252	255	255	255	255	255	255	255	254	252	245	219	82	75	69	65	65	64	65	66	71	74	161	234	255	204	103	102	104	106	106	107	106	105	102	104	200	255	255	254	250	253	253	254	255	254	254	254	252	255	255	238	103	101	104	106	105	106	105	105	103	104	188	255	255	251	200	224	224	224	226	226	224	224	227	199	236	255	255	255	255	255	254	255	253	252	253	255	255	255	255	255	194	222	220	222	226	227	227	226	226	200	235	255
240	177	77	72	68	65	64	62	64	66	71	78	176	241	249	254	252	255	255	255	255	255	255	255	254	252	245	219	82	75	69	65	65	64	65	66	71	74	161	234	255	204	103	102	104	106	106	107	106	105	102	104	200	255	255	254	250	253	253	254	255	254	254	254	252	255	255	238	103	101	104	106	105	106	105	105	103	104	188	255	255	251	200	224	224	224	226	226	224	224	227	199	236	255	255	255	255	255	254	255	253	252	253	255	255	255	255	255	194	222	220	222	226	227	227	226	226	200	235	255
240	177	77	72	68	65	64	62	64	66	71	78	176	241	249	254	252	255	255	255	255	255	255	255	254	252	245	219	82	75	69	65	65	64	65	66	71	74	161	234	255	204	103	102	104	106	106	107	106	105	102	104	200	255	255	254	250	253	253	254	255	254	254	254	252	255	255	238	103	101	104	106	105	106	105	105	103	104	188	255	255	251	200	224	224	224	226	226	224	224	227	199	236	255	255	255	255	255	254	255	253	252	253	255	255	255	255	255	194	222	220	222	226	227	227	226	226	200	235	255
240	177	77	72	68	65	64	62	64	66	71	78	176	241	249	254	252	255	255	255	255	255	255	255	254	252	245	219	82	75	69	65	65	64	65	66	71	74	161	234	255	204	103	102	104	106	106	107	106	105	102	104	200	255	255	254	250	253	253	254	255	254	254	254	252	255	255	238	103	101	104	106	105	106	105	105	103	104	188	255	255	251	200	224	224	224	226	226	224	224	227	199	236	255	255	255	255	255	254	255	253	252	253	255	255	255	255	255	194	222	220	222	226	227	227	226	226	200	235	255
240	177	77	72	68	65	64	62	64	66	71	78	176	241	249	254	252	255	255	255	255	255	255	255	254	252	245	219	82	75	69	65	65	64	65	66	71	74	161	234	255	204	103	102	104	106	106	107	106	105	102	104	200	255	255	254	250	253	253	254	255	254	254	254	252	255	255	238	103	101	104	106	105	106	105	105	103	104	188	255	255	251	200	224	224	224	226	226	224	224	227	199	236	255	255	255	255	255	254	255	253	252	253	255	255	255	255	255	194	222	220	222	226	227	227	226	226	200	235	255
242	179	75	71	68	65	64	62	64	66	71	78	176	241	249	254	252	255	255	255	255	255	255	255	253	251	245	219	82	75	69	65	64	64	65	66	71	74	161	234	255	203	103	103	104	106	106	107	106	105	102	104	200	255	255	254	250	254	254	255	255	254	255	254	252	255	255	238	103	101	104	106	106	106	105	105	103	104	188	255	255	251	200	224	224	224	226	226	226	226	227	201	236	255	255	255	255	255	252	253	253	252	253	255	255	255	255	255	194	222	220	222	226	227	227	226	226	200	235	255
245	188	70	67	66	65	64	62	64	66	71	78	176	241	249	254	252	255	255	255	255	254	255	255	253	251	245	218	80	73	68	64	64	62	64	66	72	75	161	235	253	208	103	106	105	106	106	107	106	105	102	103	200	255	255	254	250	254	254	255	255	254	255	254	252	255	255	239	104	102	105	107	106	106	106	105	104	105	188	255	255	255	198	225	224	224	226	226	226	226	229	203	236	255	255	255	253	253	250	250	253	252	253	255	255	255	255	255	194	222	220	222	226	227	227	226	227	201	235	255
247	190	70	66	66	65	64	62	64	66	71	78	176	241	249	254	252	255	255	255	255	253	255	255	253	251	244	218	80	73	66	64	62	62	64	65	72	75	161	235	252	208	103	107	105	106	106	106	106	104	102	103	200	255	255	254	250	254	254	255	255	255	255	255	252	255	255	239	104	102	106	107	107	106	106	105	104	105	188	255	255	255	198	225	224	224	227	227	226	227	229	203	238	255	255	255	253	251	249	250	251	252	253	255	255	255	255	255	194	222	220	222	226	227	227	226	227	201	235	255
247	190	70	66	66	65	64	62	64	66	71	78	176	241	249	254	252	255	255	255	255	253	255	255	253	251	244	218	80	73	66	64	62	62	64	65	72	75	161	235	252	208	103	107	105	106	106	106	106	104	102	103	200	255	255	254	250	254	254	255	255	255	255	255	252	255	255	239	104	102	106	107	107	106	106	105	104	105	188	255	255	255	198	225	224	224	227	227	226	227	229	203	238	255	255	255	253	251	249	250	251	252	253	255	255	255	255	255	194	222	220	222	226	227	227	226	227	201	235	255
247	190	70	66	66	65	64	62	64	66	71	78	176	241	249	254	252	255	255	255	255	253	255	255	253	251	244	218	80	73	66	64	62	62	64	65	72	75	161	235	252	208	103	107	105	106	106	106	106	104	102	103	200	255	255	254	250	254	254	255	255	255	255	255	252	255	255	239	104	102	106	107	107	106	106	105	104	105	188	255	255	255	198	225	224	224	227	227	226	227	229	203	238	255	255	255	253	251	249	250	251	252	253	255	255	255	255	255	194	222	220	222	226	227	227	226	227	201	235	255
247	190	70	66	66	65	64	62	64	66	71	78	176	241	249	254	252	255	255	255	255	253	255	255	253	251	244	218	80	73	66	64	62	62	64	65	72	75	161	235	252	208	103	107	105	106	106	106	106	104	102	103	200	255	255	254	250	254	254	255	255	255	255	255	252	255	255	239	104	102	106	107	107	106	106	105	104	105	188	255	255	255	198	225	224	224	227	227	226	227	229	203	238	255	255	255	253	251	249	250	251	252	253	255	255	255	255	255	194	222	220	222	226	227	227	226	227	201	235	255
247	190	70	66	66	65	64	62	64	66	71	78	176	241	249	254	252	255	255	255	255	253	255	255	253	251	244	218	80	73	66	64	62	62	64	65	72	75	161	235	252	208	103	107	105	106	106	106	106	104	102	103	200	255	255	254	250	254	254	255	255	255	255	255	252	255	255	239	104	102	106	107	107	106	106	105	104	105	188	255	255	255	198	225	224	224	227	227	226	227	229	203	238	255	255	255	253	251	249	250	251	252	253	255	255	255	255	255	194	222	220	222	226	227	227	226	227	201	235	255
247	190	70	66	66	65	64	62	64	66	71	78	176	241	249	254	252	255	255	255	255	253	255	255	253	251	244	218	80	73	66	64	62	62	64	65	72	75	161	235	252	208	103	107	105	106	106	106	106	104	102	103	200	255	255	254	250	254	254	255	255	255	255	255	252	255	255	239	104	102	106	107	107	106	106	105	104	105	188	255	255	255	198	225	224	224	227	227	226	227	229	203	238	255	255	255	253	251	249	250	251	252	253	255	255	255	255	255	194	222	220	222	226	227	227	226	227	201	235	255
247	190	70	66	66	65	64	62	64	66	71	78	176	241	249	254	252	255	255	255	255	253	255	255	253	251	244	218	80	73	66	64	62	62	64	65	72	75	161	235	252	208	103	107	105	106	106	106	106	104	102	103	200	255	255	254	250	254	254	255	255	255	255	255	252	255	255	239	104	102	106	107	107	106	106	105	104	105	188	255	255	255	198	225	224	224	227	227	226	227	229	203	238	255	255	255	253	251	249	250	251	252	253	255	255	255	255	255	194	222	220	222	226	227	227	226	227	201	235	255
247	190	70	66	66	65	64	62	64	66	71	78	176	241	249	254	252	255	255	255	255	253	255	255	253	251	244	218	80	73	66	64	62	62	64	65	72	72	163	238	252	208	103	107	105	106	106	106	106	104	102	103	200	255	255	254	250	254	254	255	255	255	255	255	252	255	255	239	104	102	106	107	107	106	106	105	104	102	190	255	255	255	198	225	224	224	227	227	226	227	229	203	238	255	255	255	253	251	249	250	251	252	253	255	255	255	255	255	194	222	220	222	226	227	227	226	227	198	237	255
247	190	70	66	66	65	64	62	64	66	71	78	176	241	249	254	252	255	255	255	255	253	255	255	253	251	244	218	80	73	66	64	62	62	64	65	72	72	163	238	252	208	103	107	105	106	106	106	106	104	102	103	200	255	255	254	250	254	254	255	255	255	255	255	252	255	255	239	104	102	106	107	107	106	106	105	104	102	190	255	255	255	198	225	224	224	227	227	226	227	229	203	238	255	255	255	253	251	249	250	251	252	253	255	255	255	255	255	194	222	220	222	226	227	227	226	227	198	237	255
247	190	70	66	66	65	64	62	64	66	71	78	176	241	249	254	252	255	255	255	255	253	255	255	253	251	244	218	80	73	66	64	62	62	64	65	72	72	163	238	252	208	103	107	105	106	106	106	106	104	102	103	200	255	255	254	250	254	254	255	255	255	255	255	252	255	255	239	104	102	106	107	107	106	106	105	104	102	190	255	255	255	198	225	224	224	227	227	226	227	229	203	238	255	255	255	253	251	249	250	251	252	253	255	255	255	255	255	194	222	220	222	226	227	227	226	227	198	237	255
247	190	70	66	66	65	64	62	64	66	71	78	176	241	249	254	252	255	255	255	255	253	255	255	253	251	244	218	80	73	66	64	62	62	64	65	72	72	163	238	252	208	103	107	105	106	106	106	106	104	102	103	200	255	255	254	250	254	254	255	255	255	255	255	252	255	255	239	104	102	106	107	107	106	106	105	104	102	190	255	255	255	198	225	224	224	227	227	226	227	229	203	238	255	255	255	253	251	249	250	251	252	253	255	255	255	255	255	194	222	220	222	226	227	227	226	227	198	237	255
247	190	70	66	66	65	64	62	64	66	71	78	176	241	249	254	252	255	255	255	255	253	255	255	253	251	244	218	80	73	66	64	62	62	64	65	72	72	163	238	252	208	103	107	105	106	106	106	106	104	102	103	200	255	255	254	250	254	254	255	255	255	255	255	252	255	255	239	104	102	106	107	107	106	106	105	104	102	190	255	255	255	198	225	224	224	227	227	226	227	229	203	238	255	255	255	253	251	249	250	251	252	253	255	255	255	255	255	194	222	220	222	226	227	227	226	227	198	237	255
247	190	70	66	66	65	64	62	64	66	71	78	176	241	249	254	252	255	255	255	255	253	255	255	253	251	244	218	80	73	66	64	62	62	64	65	72	72	163	238	252	208	103	107	105	106	106	106	106	104	102	103	200	255	255	254	250	254	254	255	255	255	255	255	252	255	255	239	104	102	106	107	107	106	106	105	104	102	190	255	255	255	198	225	224	224	227	227	226	227	229	203	238	255	255	255	253	251	249	250	251	252	253	255	255	255	255	255	194	222	220	222	226	227	227	226	227	198	237	255
247	190	70	66	66	65	64	62	64	66	71	78	176	241	249	254	252	255	255	255	255	253	255	255	253	251	244	218	80	73	66	64	62	62	64	65	72	72	163	238	252	208	103	107	105	106	106	106	106	104	102	103	200	255	255	254	250	254	254	255	255	255	255	255	252	255	255	239	104	102	106	107	107	106	106	105	104	102	190	255	255	255	198	225	224	224	227	227	226	227	229	203	238	255	255	255	253	251	249	250	251	252	253	255	255	255	255	255	194	222	220	222	226	227	227	226	227	198	237	255
247	191	70	67	66	65	64	62	64	66	71	78	176	241	249	254	252	255	255	255	255	253	255	255	253	251	244	218	80	73	66	64	62	62	64	66	72	73	163	238	252	207	103	106	105	106	106	107	106	104	102	104	199	255	255	255	250	254	254	255	255	255	255	255	252	255	255	239	103	102	105	107	107	106	106	105	104	101	190	255	255	255	198	225	224	224	226	226	227	229	227	201	240	255	255	255	253	253	249	248	251	252	253	255	255	255	255	255	196	222	222	222	226	227	227	226	225	198	237	255
248	194	73	66	66	65	64	62	64	66	71	78	174	239	248	254	252	255	254	255	255	252	255	255	251	251	242	216	80	73	66	64	62	62	64	66	71	75	166	240	253	210	103	105	105	106	107	107	105	103	103	104	197	255	255	255	250	253	253	255	255	254	255	255	250	255	255	237	103	101	105	107	107	107	106	105	103	103	193	255	255	255	199	224	226	224	222	224	233	233	224	197	241	255	255	255	255	255	248	246	250	249	251	255	255	255	255	255	197	224	222	222	226	226	226	226	224	200	240	255
250	194	74	68	66	65	64	62	64	66	71	78	174	239	248	254	252	255	254	255	255	252	255	255	251	251	242	216	80	73	66	64	62	62	64	66	71	75	168	240	252	210	102	104	105	106	107	107	104	103	103	105	196	255	255	255	249	253	253	255	255	255	255	255	250	255	255	236	103	101	105	107	107	107	106	105	103	103	192	255	255	255	199	224	226	224	220	224	235	235	222	196	245	255	255	253	255	255	248	246	248	248	251	253	255	255	255	255	197	224	224	222	226	226	226	226	224	200	240	255
250	194	74	68	66	65	64	62	64	66	71	78	174	239	248	254	252	255	254	255	255	252	255	255	251	251	242	216	80	73	66	64	62	62	64	66	71	75	168	240	252	210	102	104	105	106	107	107	104	103	103	105	196	255	255	255	249	253	253	255	255	255	255	255	250	255	255	236	103	101	105	107	107	107	106	105	103	103	192	255	255	255	199	224	226	224	220	224	235	235	222	196	245	255	255	253	255	255	248	246	248	248	251	253	255	255	255	255	197	224	224	222	226	226	226	226	224	200	240	255
250	194	74	68	66	65	64	62	64	66	71	78	174	239	248	254	252	255	254	255	255	252	255	255	251	251	242	216	80	73	66	64	62	62	64	66	71	75	168	240	252	210	102	104	105	106	107	107	104	103	103	105	196	255	255	255	249	253	253	255	255	255	255	255	250	255	255	236	103	101	105	107	107	107	106	105	103	103	192	255	255	255	199	224	226	224	220	224	235	235	222	196	245	255	255	253	255	255	248	246	248	248	251	253	255	255	255	255	197	224	224	222	226	226	226	226	224	200	240	255
250	194	74	68	66	65	64	62	64	66	71	78	174	239	248	254	252	255	254	255	255	252	255	255	251	251	242	216	80	73	66	64	62	62	64	66	71	75	168	240	252	210	102	104	105	106	107	107	104	103	103	105	196	255	255	255	249	253	253	255	255	255	255	255	250	255	255	236	103	101	105	107	107	107	106	105	103	103	192	255	255	255	199	224	226	224	220	224	235	235	222	196	245	255	255	253	255	255	248	246	248	248	251	253	255	255	255	255	197	224	224	222	226	226	226	226	224	200	240	255
250	194	74	68	66	65	64	62	64	66	71	78	174	239	248	254	252	255	254	255	255	252	255	255	251	251	242	216	80	73	66	64	62	62	64	66	71	75	168	240	252	210	102	104	105	106	107	107	104	103	103	105	196	255	255	255	249	253	253	255	255	255	255	255	250	255	255	236	103	101	105	107	107	107	106	105	103	103	192	255	255	255	199	224	226	224	220	224	235	235	222	196	245	255	255	253	255	255	248	246	248	248	251	253	255	255	255	255	197	224	224	222	226	226	226	226	224	200	240	255
250	194	74	68	66	65	64	62	64	66	71	78	174	239	248	254	252	255	254	255	255	252	255	255	251	251	242	216	80	73	66	64	62	62	64	66	71	75	168	240	252	210	102	104	105	106	107	107	104	103	103	105	196	255	255	255	249	253	253	255	255	255	255	255	250	255	255	236	103	101	105	107	107	107	106	105	103	103	192	255	255	255	199	224	226	224	220	224	235	235	222	196	245	255	255	253	255	255	248	246	248	248	251	253	255	255	255	255	197	224	224	222	226	226	226	226	224	200	240	255
250	194	74	68	66	65	64	62	64	66	71	78	174	239	248	254	252	255	254	255	255	252	255	255	251	251	242	216	80	73	66	64	62	62	64	66	71	75	168	240	252	210	102	104	105	106	107	107	104	103	103	105	196	255	255	255	249	253	253	255	255	255	255	255	250	255	255	236	103	101	105	107	107	107	106	105	103	103	192	255	255	255	199	224	226	224	220	224	235	235	222	196	245	255	255	253	255	255	248	246	248	248	251	253	255	255	255	255	197	224	224	222	226	226	226	226	224	200	240	255
250	197	77	67	66	65	64	62	64	66	71	78	172	241	247	254	255	253	254	255	253	254	253	255	255	249	244	213	80	73	66	64	62	62	64	66	71	76	170	240	252	213	105	103	105	106	107	107	104	103	103	105	194	255	255	255	252	248	253	255	254	255	252	255	254	254	255	233	103	101	105	107	107	107	106	105	103	104	194	255	255	255	202	223	226	224	220	224	235	235	222	196	243	255	255	253	255	252	248	246	246	250	248	253	255	255	255	255	197	224	224	222	226	226	226	226	224	201	242	255
250	197	77	67	66	65	64	62	64	66	71	78	167	241	245	254	255	255	254	255	254	254	253	255	255	250	244	213	80	73	66	64	62	62	64	66	71	76	170	240	252	213	105	103	105	106	107	107	104	103	103	105	189	255	253	255	253	250	253	255	255	255	252	255	254	255	255	233	103	101	105	107	107	107	106	105	103	104	194	255	255	255	202	223	226	224	220	224	235	235	222	196	238	255	255	253	255	254	248	246	247	250	248	253	255	255	255	255	197	224	224	222	226	226	226	226	224	201	242	255
250	197	77	67	66	65	64	62	64	66	71	78	164	241	243	254	255	255	255	254	255	254	253	255	255	251	244	213	80	73	66	64	62	62	64	66	71	77	171	240	252	213	105	103	105	106	107	107	104	103	103	105	186	255	251	255	253	253	254	255	255	255	252	255	254	255	255	233	103	101	105	107	107	107	106	105	103	105	195	255	255	255	202	223	226	224	220	224	235	235	222	196	235	255	254	253	255	255	249	245	248	250	248	253	255	255	255	255	197	224	224	222	226	226	226	226	224	202	243	255
251	198	78	67	66	65	64	62	64	66	71	78	166	241	243	254	255	255	255	254	255	254	253	255	255	251	244	210	80	73	66	64	62	62	64	66	72	77	171	240	253	214	106	103	105	106	107	107	104	103	103	105	188	255	251	255	253	253	255	255	255	255	252	255	254	255	255	230	103	101	105	107	107	107	106	105	104	105	195	255	255	255	203	223	226	224	220	224	235	235	222	196	237	255	254	253	255	255	250	245	248	250	248	253	255	255	255	255	197	224	224	222	226	226	226	226	225	202	243	255
251	198	78	68	66	65	64	62	64	66	71	78	167	241	245	254	255	255	255	255	255	254	254	255	255	251	244	205	80	73	66	64	62	62	64	66	72	77	171	240	253	214	106	104	105	106	107	107	104	103	103	105	189	255	253	255	252	253	255	255	255	255	253	255	254	255	255	225	103	101	105	107	107	107	106	105	104	105	195	255	255	255	203	224	226	224	220	224	235	235	222	196	238	255	255	253	255	255	250	246	248	250	249	253	255	255	255	255	197	224	224	222	226	226	226	226	225	202	243	255
251	199	79	68	66	65	64	62	64	66	71	78	160	241	247	254	253	255	255	255	253	254	254	255	254	251	242	197	80	73	66	64	62	62	64	66	73	78	172	240	253	215	107	104	105	106	107	107	104	103	103	105	182	255	255	255	250	253	255	255	254	255	253	255	253	255	255	217	103	101	105	107	107	107	106	105	105	106	196	255	255	255	204	224	226	224	220	224	235	235	222	196	231	255	255	253	255	255	250	246	246	250	249	253	255	255	255	250	197	224	224	222	226	226	226	226	226	203	244	255
251	199	79	68	66	65	64	62	64	66	71	78	146	241	248	254	253	255	255	255	252	254	255	255	254	251	238	190	80	73	66	64	62	62	64	66	73	78	172	240	253	215	107	104	105	106	107	107	104	103	103	105	168	255	255	255	250	252	255	255	253	255	254	255	253	255	253	210	103	101	105	107	107	107	106	105	105	106	196	255	255	255	204	224	226	224	220	224	235	235	222	196	217	255	255	253	255	255	250	246	245	250	250	253	255	255	255	243	197	224	224	222	226	226	226	226	226	203	244	255
249	201	81	72	68	65	64	64	64	66	72	78	134	234	246	254	254	255	255	255	254	255	255	255	254	249	234	183	80	73	68	64	64	64	64	66	74	80	172	241	253	214	107	105	104	105	106	105	104	103	102	104	156	250	255	255	252	252	254	253	250	254	255	255	255	255	251	205	103	102	104	105	105	105	106	105	105	106	195	255	255	255	200	221	224	226	226	229	238	236	222	197	206	255	255	255	255	255	251	247	247	251	250	253	255	255	255	244	197	222	227	229	229	229	227	224	222	201	247	255
234	219	100	73	68	64	65	65	66	69	72	78	92	230	245	242	255	255	255	255	255	254	255	255	243	247	234	134	79	73	69	66	65	64	64	66	83	74	196	242	240	231	120	100	105	106	104	103	101	101	102	104	114	249	255	246	254	249	247	250	250	242	252	254	248	255	252	157	104	102	102	102	103	104	105	105	111	97	214	255	255	255	209	207	220	227	235	240	243	238	222	197	172	255	255	245	253	250	251	255	255	244	249	249	244	255	255	207	194	219	235	240	240	236	231	222	221	190	255	255
246	227	82	77	68	64	64	65	66	68	72	76	81	178	242	245	252	255	255	250	251	252	255	255	245	242	201	93	76	72	68	66	65	64	64	66	78	77	204	240	251	238	99	101	106	106	104	103	101	101	102	103	105	198	255	252	252	253	245	236	237	241	253	255	253	255	223	118	104	103	102	101	102	104	106	106	105	97	219	249	255	255	181	201	215	226	235	240	243	240	226	206	179	248	255	255	254	253	247	236	237	239	250	253	255	255	255	185	201	220	236	243	242	236	227	219	208	184	255	255
247	240	84	83	68	62	62	64	64	66	69	73	75	118	220	245	241	255	255	255	255	255	255	248	243	226	160	71	73	69	66	64	64	62	62	66	75	90	222	233	253	251	100	108	107	109	107	105	104	102	102	102	100	137	236	254	245	255	255	255	255	255	255	252	253	243	180	98	103	103	103	104	105	106	108	107	104	109	237	243	255	255	177	200	208	217	226	231	238	238	233	220	200	214	255	255	255	255	244	239	239	243	251	255	255	255	251	189	215	227	235	236	233	227	220	212	198	188	255	255
247	241	127	83	66	61	61	62	62	64	66	69	69	71	161	235	244	248	242	240	247	241	247	244	238	171	98	62	69	66	64	62	62	61	61	66	75	114	240	236	254	253	144	109	109	110	109	107	106	104	103	103	96	95	180	250	255	255	248	244	252	247	255	255	254	191	123	90	104	104	105	106	107	108	109	108	102	132	253	245	255	255	213	193	204	215	220	226	231	235	235	229	213	195	255	255	255	255	238	227	232	235	255	255	255	255	216	199	224	231	233	231	226	222	219	208	189	204	255	255
244	242	185	71	66	59	59	61	61	61	64	66	75	65	76	147	211	238	244	245	245	244	241	229	172	94	57	73	66	64	61	61	61	59	59	66	75	144	241	243	250	254	201	97	109	110	110	109	108	107	105	103	109	94	100	169	229	254	255	255	255	255	255	247	194	119	87	108	104	105	107	108	108	109	109	108	102	163	254	250	255	255	255	172	204	217	219	220	226	229	233	233	235	211	200	245	255	255	255	255	253	255	255	255	255	212	197	228	229	229	227	224	222	220	220	208	181	222	255	255
243	244	221	79	68	59	59	59	59	59	61	62	62	82	54	72	120	166	220	225	230	217	175	123	85	64	64	77	62	61	59	59	59	59	59	66	86	179	242	248	250	255	238	104	108	109	109	109	109	108	107	106	101	116	84	98	144	189	243	247	252	240	199	148	112	95	99	117	106	108	109	109	109	109	108	108	113	197	255	255	255	255	255	171	206	220	220	220	222	226	229	231	228	239	196	193	216	241	255	255	255	255	247	215	201	201	215	239	227	226	224	222	222	224	226	210	184	245	255	255
246	245	235	130	69	61	61	59	59	58	59	59	45	69	79	73	67	77	93	91	101	93	76	62	65	77	71	54	59	59	58	59	59	61	61	68	118	223	242	249	252	255	249	154	107	107	108	109	109	109	109	108	90	110	116	108	98	105	119	115	125	119	104	93	100	115	113	99	109	109	110	109	108	107	106	107	144	239	252	255	255	255	255	214	208	227	224	224	222	224	224	226	209	228	230	212	191	189	194	187	197	194	187	184	200	222	225	214	222	222	222	224	226	229	231	212	205	255	255	255
250	247	239	191	72	65	64	62	61	59	58	59	81	40	63	71	64	76	70	75	68	64	73	76	65	59	59	57	59	58	59	61	62	64	65	72	151	242	238	251	255	255	253	213	107	106	107	107	108	108	109	108	131	87	106	111	100	108	100	103	96	94	105	113	106	103	107	108	109	109	108	108	106	106	105	106	174	255	247	255	255	255	255	255	201	222	222	224	226	226	226	226	246	201	218	222	210	219	210	213	206	204	214	220	214	210	215	217	220	224	226	226	227	227	227	204	226	255	255	255
252	248	245	237	108	77	66	67	64	66	64	52	57	59	62	65	64	63	65	66	69	67	65	65	65	62	58	57	61	70	62	58	68	66	68	96	237	245	249	254	255	255	255	255	140	115	104	106	105	111	112	101	107	109	110	108	104	101	98	97	100	100	103	106	108	111	109	107	110	118	107	99	107	103	105	127	255	255	255	255	255	255	255	255	215	214	211	223	229	238	238	222	222	220	220	221	225	228	237	240	243	239	230	224	220	216	216	218	228	242	234	225	228	217	211	207	255	255	255	255
254	249	247	240	209	90	59	82	52	43	68	68	55	56	59	61	61	64	67	68	70	67	65	61	61	59	56	55	65	46	53	81	80	59	97	178	240	247	251	255	255	255	255	255	237	122	93	116	88	81	110	113	104	106	107	107	105	104	103	103	103	103	105	105	107	107	107	105	110	89	91	116	113	92	128	205	255	255	255	255	255	255	255	255	255	195	183	223	211	214	244	242	223	219	217	219	228	238	251	255	255	253	239	228	219	215	216	220	237	220	224	242	226	189	208	255	255	255	255	255
255	251	248	242	231	180	97	68	93	79	53	67	71	68	66	64	62	63	63	62	62	62	62	62	64	66	68	71	64	68	80	81	67	90	167	237	244	249	252	255	255	255	255	255	253	208	125	95	119	108	86	104	111	113	112	110	107	103	101	99	98	100	102	107	110	112	113	112	102	101	109	107	93	117	194	255	255	255	255	254	255	255	255	255	255	247	190	186	238	244	227	244	242	232	224	222	226	234	244	249	248	243	233	226	222	223	230	238	239	242	245	228	188	188	241	255	255	255	255	255
255	252	249	245	242	235	182	106	66	79	85	64	60	59	59	61	64	66	66	65	64	64	65	63	61	60	60	61	69	78	84	73	90	170	238	244	248	252	255	255	255	255	255	255	255	254	201	126	85	101	112	96	98	99	102	104	107	108	106	104	101	104	106	106	104	103	101	99	102	105	105	92	109	188	255	255	255	255	255	254	255	255	255	255	255	255	243	195	187	223	245	231	225	220	214	216	222	229	238	241	241	238	230	221	216	215	217	222	235	238	230	197	185	236	255	255	255	253	255	255
255	254	251	249	249	248	244	195	120	75	70	73	76	71	68	68	70	69	66	63	63	65	69	70	69	70	73	78	76	58	73	121	181	238	248	246	252	254	255	255	254	255	255	255	255	255	255	208	137	94	92	100	109	109	109	110	112	110	107	103	101	105	110	112	111	111	111	112	103	80	92	137	193	249	255	253	255	255	255	254	255	255	253	250	248	255	255	253	209	188	201	215	224	220	217	218	222	224	225	224	224	226	226	224	219	217	220	222	216	189	187	214	245	255	255	246	250	250	253	255
255	254	251	251	239	254	251	245	232	166	96	88	74	67	62	59	63	65	63	61	60	62	64	62	61	62	67	75	81	100	152	211	246	251	255	251	255	255	255	255	254	255	255	255	241	255	255	253	245	182	118	114	105	103	99	100	104	106	103	101	100	102	104	103	100	100	103	106	107	122	168	223	253	254	255	252	255	255	254	253	255	255	251	248	228	250	255	255	255	242	194	201	198	200	203	205	210	214	214	214	214	216	215	211	205	201	200	197	194	198	230	255	255	255	255	246	246	248	251	255
255	255	252	254	255	242	251	251	229	238	224	149	97	84	72	67	70	74	77	78	76	75	72	66	64	69	80	93	142	196	240	245	251	254	255	255	255	255	255	255	253	255	255	255	255	236	249	255	241	254	246	176	128	119	108	105	107	112	115	116	114	113	110	104	102	106	115	124	169	218	255	255	255	252	249	253	255	255	254	252	255	255	250	250	250	236	250	255	255	255	255	229	195	200	202	206	213	219	224	225	225	224	221	211	203	197	196	189	222	255	255	255	255	255	255	255	248	246	251	255
255	255	252	254	255	255	255	254	245	240	237	230	227	203	168	137	114	99	87	81	77	83	95	109	132	162	196	221	231	237	240	239	254	255	255	255	255	255	255	255	253	255	255	255	252	248	254	255	255	255	255	255	255	237	204	173	151	136	125	119	115	121	131	146	167	198	230	252	255	255	255	249	255	253	244	251	255	255	254	252	255	255	250	250	253	249	253	253	254	255	255	255	255	255	255	255	255	243	232	226	226	232	241	252	255	255	255	255	255	255	255	251	255	255	255	255	248	244	251	255
