254	255	255	246	255	255	255	255	255	255	255	255	255	255	255	255	255	255	255	255	255	255	255	255	255	255	255	255	255	255	246	239	245	255	255	255	255	255	252	255	255	255	254	226	172	172	170	170	171	172	174	174	175	175	176	177	177	178	179	180	180	179	183	183	186	194	210	229	252	255	255	255	255	254	250	248	248	249	253	255	255	255	255	232	154	37	9	20	27	31	34	36	36	34	29	25	19	14	12	12	12	16	19	34	49	73	97	122	149	177	195	223	247	255	255	255	255	239	237	255	255	234	228
254	255	255	243	255	255	255	254	252	249	247	247	247	251	253	254	253	251	248	247	247	244	248	247	246	244	242	239	232	250	255	255	255	252	255	255	255	255	252	255	255	255	254	224	169	169	162	162	163	164	164	165	165	166	166	166	166	167	168	169	169	169	160	160	159	161	168	179	193	204	236	255	255	253	245	244	248	250	254	255	255	255	255	232	152	34	3	3	8	12	15	19	19	17	14	11	7	4	2	4	4	7	7	0	10	26	42	58	76	95	120	175	221	250	255	255	255	244	244	255	255	236	232
252	255	254	239	255	255	255	252	250	247	247	247	248	252	252	253	253	252	249	248	246	247	246	245	240	238	236	234	230	236	255	255	255	255	255	252	249	251	252	255	255	253	254	220	165	166	164	164	164	165	166	165	165	164	164	165	164	164	164	165	165	167	172	173	170	166	165	166	172	176	188	217	244	252	252	254	255	255	255	255	255	255	255	232	148	30	0	0	0	0	0	0	3	3	3	2	0	0	2	4	5	9	4	0	0	0	5	11	18	29	44	78	132	192	225	246	255	255	255	255	255	241	236
252	255	253	238	255	255	255	255	254	253	251	253	254	255	255	255	255	255	255	254	251	247	246	246	246	244	244	245	245	239	235	246	255	255	255	245	242	248	252	254	255	253	253	219	164	164	168	169	168	169	168	169	168	167	166	165	165	165	165	164	165	167	174	177	176	173	169	166	167	167	162	166	190	229	253	255	255	255	255	255	255	255	255	231	147	29	0	0	0	0	0	0	0	0	0	2	2	4	6	7	11	13	6	0	0	0	0	0	0	0	7	20	45	97	164	218	243	255	255	255	255	246	243
253	255	254	238	255	255	253	253	253	252	252	253	253	255	255	255	255	255	255	255	253	247	246	246	247	248	251	255	255	255	251	243	245	255	255	247	235	249	254	254	254	254	254	220	164	164	165	166	165	165	165	165	164	164	163	162	162	161	161	160	160	162	164	169	171	170	169	165	163	161	161	157	161	186	227	255	255	255	255	254	255	255	255	232	148	29	0	0	0	0	0	0	0	0	0	2	4	5	7	9	11	13	9	0	0	0	0	0	0	0	0	1	9	33	82	154	213	244	255	255	255	251	250
253	255	255	239	255	254	253	254	254	255	255	255	255	255	255	255	255	255	255	255	255	255	255	255	255	255	255	255	255	255	255	255	225	224	252	255	252	255	255	255	254	254	254	221	165	165	165	166	165	165	165	165	164	164	163	162	162	162	162	162	161	162	163	167	169	172	169	167	165	163	158	169	165	155	180	230	255	255	255	254	255	255	255	232	149	30	0	1	1	1	1	0	0	0	0	0	2	2	4	4	5	5	5	6	5	1	0	0	0	0	0	0	10	12	21	73	154	216	241	255	255	255	255
253	255	255	240	255	255	254	255	255	255	255	255	255	255	255	255	255	255	255	255	255	255	255	255	255	252	251	253	255	255	255	255	235	223	235	255	255	255	255	255	254	254	254	221	166	165	166	166	166	166	166	166	166	166	166	166	167	167	167	167	166	164	154	155	160	163	162	160	159	158	158	166	168	160	164	192	232	254	253	253	254	255	255	232	149	31	2	12	14	10	7	3	0	0	0	0	0	0	0	0	0	0	0	1	3	0	0	0	0	0	3	4	9	6	6	28	80	151	205	239	255	255	255
252	255	255	239	255	251	251	253	255	255	255	255	255	252	250	248	247	248	248	250	255	255	255	255	255	255	255	255	255	255	244	244	255	245	225	250	255	255	255	255	254	253	254	221	165	165	163	163	163	163	162	163	163	164	165	166	166	167	167	167	166	163	159	159	165	166	168	167	166	167	172	155	163	184	176	159	188	243	252	253	253	254	255	232	149	30	2	11	13	7	0	0	0	0	0	0	0	0	0	0	0	0	0	5	4	0	0	0	0	5	14	19	0	0	17	21	23	77	167	220	248	255	255
254	255	255	240	255	250	250	254	255	255	255	255	255	255	251	234	240	241	236	248	252	255	255	255	255	255	252	252	255	245	242	244	247	243	244	255	255	255	255	255	251	255	254	222	166	166	166	166	166	165	165	165	166	168	175	176	164	172	173	165	176	171	173	163	162	167	167	162	162	171	165	165	171	175	166	160	174	200	250	253	249	249	255	232	150	31	0	5	5	0	0	0	0	0	0	0	0	0	3	4	0	6	2	8	0	0	0	0	0	0	8	8	7	4	5	2	9	42	101	200	236	252	255
254	255	255	240	255	250	250	254	255	255	255	255	253	235	241	231	233	231	224	233	232	231	240	249	255	255	255	255	249	248	239	238	244	247	250	255	255	255	255	255	255	255	254	222	166	167	167	167	167	166	165	165	166	167	159	174	170	175	173	164	170	164	158	161	165	169	173	176	170	162	170	167	169	172	166	158	161	176	238	253	248	249	255	232	150	31	0	1	0	0	0	0	0	0	0	0	21	27	39	39	32	39	29	19	8	0	0	0	0	0	0	10	7	3	2	0	0	14	60	167	221	247	255
254	255	255	240	255	249	249	254	255	255	255	255	247	247	255	255	255	255	255	255	255	247	251	247	239	246	255	255	255	255	244	238	246	252	253	255	248	255	255	255	255	255	254	222	166	167	167	168	166	165	163	163	164	165	176	215	222	222	217	211	213	207	198	197	183	163	159	168	168	162	170	164	165	170	169	161	155	160	211	253	248	249	255	232	150	31	0	3	1	0	0	0	0	3	19	48	105	130	142	148	145	151	139	119	99	59	17	0	0	1	0	11	5	1	6	3	0	0	27	122	204	241	255
254	255	255	240	255	249	249	254	255	255	255	253	243	242	255	255	255	255	255	255	255	255	255	255	249	240	246	255	255	255	250	246	251	255	255	255	248	238	255	255	255	255	254	222	166	167	167	167	166	164	162	162	162	163	178	238	249	249	247	243	243	242	249	243	219	186	161	156	161	167	168	162	162	169	171	167	161	163	186	250	247	249	255	232	150	31	0	5	3	0	0	0	3	19	38	78	163	197	214	227	229	234	229	223	197	151	93	42	18	12	10	9	0	1	5	8	3	0	20	77	183	232	255
254	255	255	240	255	247	249	254	255	255	255	250	237	223	255	255	255	255	255	255	255	255	255	255	255	255	242	244	255	255	255	255	255	255	253	254	247	226	255	255	255	255	254	222	166	166	168	167	165	162	161	161	161	163	168	240	250	246	247	244	244	245	249	250	247	234	199	163	154	166	164	162	163	166	167	167	168	174	172	234	246	248	255	232	150	31	0	6	6	1	0	1	12	31	56	88	189	227	245	255	255	255	255	255	255	239	201	135	68	31	20	5	0	0	3	5	4	3	20	46	149	221	255
254	255	255	240	255	247	247	255	255	255	255	247	232	224	255	255	255	255	254	255	255	246	248	255	255	255	244	235	251	255	255	255	255	253	246	245	240	225	253	255	255	255	254	222	166	167	168	168	165	163	162	163	163	166	177	252	254	252	252	251	248	249	247	248	249	247	229	182	160	165	164	164	164	162	161	162	168	174	169	209	246	247	255	232	150	31	0	3	3	0	0	0	6	28	54	97	202	232	253	255	255	255	255	255	255	255	243	193	109	45	20	0	0	0	0	0	1	2	15	30	110	214	253
254	255	255	240	255	247	247	255	255	255	255	245	229	218	255	255	242	245	242	243	248	248	247	255	255	255	251	236	237	253	255	255	255	255	251	243	236	232	232	255	255	255	254	222	166	167	170	171	168	167	166	167	169	171	183	255	255	255	255	255	252	255	255	255	255	253	248	213	181	166	166	165	163	161	160	165	170	173	177	184	246	247	255	232	150	31	0	0	0	0	0	0	0	8	37	79	181	214	229	251	255	255	255	255	255	255	241	209	140	62	12	0	0	0	0	0	4	5	10	25	74	207	250
254	255	255	240	255	250	250	255	255	255	253	246	233	223	255	255	240	244	245	243	248	249	245	243	252	255	255	243	224	249	255	255	255	255	255	250	240	244	222	255	255	255	255	222	167	167	169	170	168	168	168	169	170	171	183	253	255	255	255	255	255	255	255	255	254	255	255	247	203	163	166	164	161	161	166	170	172	171	180	167	247	249	255	230	150	29	0	0	0	0	0	0	0	0	26	72	177	217	232	246	253	253	255	248	244	250	248	230	186	89	10	0	0	0	0	5	8	4	5	22	50	202	246
254	255	255	240	255	253	254	255	255	252	249	252	245	233	255	255	249	251	254	255	255	254	249	241	244	249	255	255	222	249	255	255	255	255	255	255	253	247	240	255	255	255	255	222	167	167	167	167	165	165	168	169	167	166	170	250	249	255	255	253	252	252	255	255	255	255	255	250	228	165	169	165	159	159	162	165	165	166	165	174	232	253	255	230	150	29	0	0	0	0	0	0	0	0	22	75	198	239	255	255	255	255	255	250	248	255	255	255	217	131	22	0	0	5	10	5	0	0	0	1	51	179	241
254	255	255	240	255	255	255	255	255	249	247	254	250	240	255	255	249	255	255	255	255	255	253	242	242	247	255	255	224	247	255	255	255	255	255	255	255	254	242	255	255	255	255	222	167	166	166	165	162	164	168	169	166	164	166	245	247	254	252	251	250	250	252	254	255	255	255	250	230	168	169	165	159	159	163	164	164	165	163	171	229	255	255	230	148	29	0	0	0	0	0	0	0	0	19	77	205	248	255	255	255	255	255	249	246	255	255	255	232	143	31	1	0	12	15	6	0	0	0	0	43	175	239
254	255	255	240	255	255	255	255	255	249	247	254	250	238	255	255	248	254	255	255	255	255	255	248	248	252	255	255	230	250	255	255	255	255	254	255	255	255	240	255	255	255	255	222	167	166	165	165	162	164	168	169	166	164	168	247	249	255	255	254	253	252	252	255	254	255	254	249	232	171	167	164	161	161	164	165	165	165	164	170	224	255	255	230	148	29	0	0	0	0	0	1	0	0	17	73	200	243	255	250	249	255	255	243	243	254	255	255	233	149	35	0	0	6	12	5	0	0	0	0	40	168	237
254	255	255	240	255	255	255	255	255	247	246	254	250	238	255	255	247	251	254	255	255	255	255	252	252	255	255	255	236	252	255	255	255	254	253	254	255	255	240	255	255	255	255	222	167	166	165	164	162	163	169	170	167	164	168	249	250	255	255	255	255	253	253	253	252	255	250	249	232	172	167	165	162	163	165	166	164	164	164	167	221	255	255	230	148	29	0	0	0	0	1	1	0	0	15	70	195	236	255	243	242	251	250	237	239	252	255	255	236	154	40	0	0	3	6	1	0	5	5	1	38	163	236
254	255	255	240	255	255	255	255	255	247	246	254	249	237	255	254	245	250	253	255	255	255	255	255	255	255	255	255	240	253	255	255	255	253	252	254	255	255	242	255	255	255	255	222	167	166	165	164	161	162	168	170	167	166	170	250	251	255	255	255	255	255	252	252	252	253	247	247	233	171	166	165	164	164	166	167	164	163	162	165	218	253	255	230	148	29	0	0	1	1	3	3	0	0	12	66	191	232	253	238	235	244	244	236	237	251	255	255	239	158	44	0	0	0	1	0	0	8	8	0	35	159	233
254	255	255	240	255	255	255	255	255	247	246	253	249	235	255	253	244	248	251	254	255	255	255	255	255	255	255	255	239	253	255	255	254	252	252	254	255	255	243	255	255	255	255	222	167	166	164	163	160	162	168	170	168	166	170	250	252	255	255	255	255	255	252	252	253	253	245	246	232	168	166	166	165	166	168	167	163	161	161	164	219	252	255	230	148	29	0	1	3	3	3	3	0	0	12	66	191	231	251	236	233	243	244	236	241	254	255	255	241	162	44	1	0	0	0	0	0	10	12	2	35	160	233
254	255	255	240	255	255	255	255	255	247	246	253	247	235	255	251	244	248	250	252	255	255	255	254	254	255	255	255	236	252	255	255	254	252	252	255	255	255	244	255	255	255	255	222	167	166	165	164	161	163	168	170	167	166	170	250	252	255	255	255	255	255	252	254	255	253	245	246	229	164	166	166	167	167	169	168	162	161	159	165	220	252	255	230	148	29	0	0	1	1	1	3	0	0	14	68	193	234	255	240	236	246	250	244	250	255	255	255	243	165	46	3	0	0	0	0	0	8	12	3	38	164	236
254	255	255	240	255	255	255	255	255	247	246	253	247	235	255	253	244	248	251	252	254	252	252	248	251	255	255	255	234	252	255	254	253	252	253	255	255	255	243	255	255	255	255	222	167	166	165	164	162	163	169	170	167	166	169	249	251	255	255	255	255	255	252	255	255	255	246	246	228	161	165	167	168	168	170	168	162	159	158	165	221	252	255	230	148	29	0	0	0	0	1	1	0	0	15	72	197	239	255	245	243	253	255	252	255	255	255	255	241	164	46	6	0	0	0	0	0	6	12	3	41	167	237
254	255	255	240	255	255	255	255	255	247	246	253	249	233	255	255	245	250	250	251	250	248	244	236	246	255	255	255	241	250	255	254	253	253	255	255	255	255	239	255	255	255	255	222	167	166	165	165	162	164	169	170	167	165	164	248	254	255	255	252	251	252	255	255	253	255	252	242	204	170	166	167	167	169	170	167	161	159	159	163	224	252	255	230	148	29	0	0	0	0	0	1	0	0	17	71	202	249	255	254	249	255	255	255	255	255	255	255	230	138	56	8	0	0	0	0	0	3	10	6	43	173	239
254	255	255	240	255	255	255	255	255	247	246	253	249	236	255	255	247	252	255	255	252	237	241	241	246	255	255	255	223	250	255	253	253	253	255	255	255	255	238	255	255	255	255	222	167	166	166	165	162	164	169	170	167	164	167	247	250	255	255	255	253	253	246	255	255	255	254	250	206	151	165	166	167	168	170	168	160	159	162	166	231	253	255	230	148	29	0	0	0	0	0	0	0	0	19	76	204	247	255	255	255	255	255	255	255	255	252	250	223	130	31	10	0	0	0	0	0	0	8	10	48	186	243
254	255	255	240	255	255	255	255	255	247	246	254	250	237	255	253	247	253	255	255	255	248	244	245	251	255	255	253	228	253	255	253	252	252	255	255	255	255	237	255	255	255	255	222	167	166	166	165	162	164	169	170	166	164	166	245	245	254	252	253	251	252	255	255	255	255	255	238	194	150	164	165	167	168	171	168	161	160	165	169	243	254	255	230	148	29	0	0	0	0	0	0	0	0	19	74	203	243	255	255	255	255	255	255	255	246	236	227	187	102	24	10	0	0	0	0	0	0	6	16	58	199	248
254	255	255	240	255	254	255	255	255	247	246	254	252	241	255	255	251	255	255	255	255	255	250	254	255	255	244	237	246	255	255	253	250	250	254	255	255	250	238	255	255	255	255	222	167	167	166	165	163	164	169	170	166	164	168	246	252	255	254	253	251	251	253	255	255	255	250	205	171	163	163	164	166	168	171	169	162	161	164	175	249	254	255	230	148	29	0	0	0	0	0	0	0	0	15	74	198	248	255	251	250	255	255	255	249	227	209	192	126	59	25	6	0	1	0	0	0	0	5	17	69	212	253
254	255	255	240	255	254	255	255	255	247	247	255	252	232	255	255	254	255	255	255	255	255	255	255	255	255	233	234	255	255	255	253	249	249	253	255	255	245	245	255	252	255	255	222	167	166	165	164	162	164	169	169	166	164	157	245	251	255	253	248	247	250	247	247	255	255	232	181	158	164	161	162	164	167	171	169	164	162	162	188	252	251	255	230	148	29	0	0	1	0	0	1	0	0	12	56	189	235	253	237	230	240	247	244	225	200	177	139	71	21	11	1	1	8	3	0	0	0	5	20	85	220	255
254	255	255	240	255	254	254	255	255	247	247	255	253	237	255	255	255	255	255	255	255	255	255	255	255	235	232	251	255	255	255	253	247	246	250	255	255	242	255	255	249	255	255	222	167	166	165	164	162	163	169	170	167	165	160	247	254	255	255	255	253	251	248	250	255	229	191	169	164	165	160	160	163	167	171	170	165	163	165	208	252	252	255	230	148	29	0	3	5	3	3	1	0	0	6	54	182	228	243	227	221	230	234	232	212	173	116	66	28	5	0	0	3	14	10	0	0	0	6	25	110	225	255
254	255	255	240	255	253	254	255	255	247	247	255	253	250	255	255	255	255	255	255	255	255	255	255	229	222	242	255	255	255	255	253	246	245	247	254	252	246	255	255	249	255	255	222	167	166	165	164	162	163	168	170	167	165	175	248	248	255	255	255	253	248	240	235	218	187	167	166	168	164	159	159	163	166	171	171	166	165	173	230	253	255	255	230	148	29	0	6	8	6	5	3	0	0	3	60	175	212	230	213	209	215	215	210	180	112	49	15	2	0	0	0	3	17	15	0	0	0	8	35	138	228	255
254	255	255	240	255	254	254	255	255	247	247	254	253	228	255	235	231	238	243	239	239	248	236	222	231	246	253	255	255	255	255	250	246	245	246	253	246	239	255	255	251	255	255	222	167	166	164	164	162	163	168	169	167	166	149	218	202	209	211	212	207	195	184	166	161	170	177	172	163	159	162	162	165	167	171	171	166	166	179	248	253	255	255	230	148	29	0	6	8	8	6	5	0	0	1	18	116	125	136	124	122	124	120	113	80	34	17	11	0	0	0	0	0	12	12	0	0	0	19	67	178	237	255
254	255	255	240	255	255	255	254	252	247	246	250	250	249	246	239	236	237	237	235	240	254	255	255	253	252	250	250	249	247	244	245	249	249	247	252	240	255	255	255	254	255	255	222	167	165	163	163	164	165	167	168	167	167	166	166	169	170	171	171	172	168	160	159	162	165	167	168	170	171	171	169	171	174	173	167	165	170	225	243	255	255	255	230	148	29	0	3	6	8	10	10	8	3	3	8	15	21	21	15	14	17	21	26	22	12	5	0	0	0	0	0	0	0	3	0	0	0	40	161	219	250	255
254	255	255	240	255	255	255	253	250	247	247	247	250	253	255	255	255	255	254	252	254	255	255	255	255	255	252	249	246	243	247	248	246	249	255	255	233	255	253	255	255	255	255	222	167	166	164	164	165	166	167	167	167	166	166	166	166	166	167	167	168	167	162	160	161	162	164	166	167	170	169	174	173	169	168	171	169	167	241	253	255	255	255	230	148	29	0	0	1	5	8	10	10	8	5	0	0	0	0	0	0	0	0	0	0	0	3	5	5	3	0	0	0	0	0	0	10	17	55	204	253	255	255
254	255	255	240	255	255	255	253	250	249	249	250	252	254	255	255	255	255	255	254	252	252	250	252	253	254	255	255	255	255	255	255	255	250	248	255	255	255	255	255	254	255	255	222	167	166	165	165	166	167	167	166	166	165	164	164	163	163	163	163	163	166	168	169	166	164	161	160	160	162	162	166	170	169	163	162	175	193	253	255	255	254	255	230	148	29	0	0	0	0	3	6	8	8	6	5	5	3	3	5	6	10	5	0	0	3	12	21	24	21	14	4	0	0	2	6	15	40	96	220	255	255	254
254	255	255	240	255	255	254	253	252	250	250	252	253	255	255	255	255	255	255	255	252	243	242	246	250	255	255	255	255	255	255	255	255	243	232	255	255	255	255	254	253	255	255	222	167	166	166	167	167	167	167	167	166	165	163	163	161	161	161	161	161	165	172	173	169	164	159	157	156	157	160	158	167	174	160	153	187	240	252	255	254	253	255	230	148	29	0	0	0	0	0	1	3	5	5	6	6	8	10	12	15	17	10	0	0	5	15	26	28	22	14	4	0	1	15	20	32	87	171	230	255	254	253
254	255	255	240	255	254	253	252	252	252	253	253	254	255	255	255	255	255	255	255	252	240	239	245	252	255	255	255	255	255	255	254	243	232	239	255	255	255	252	251	254	255	255	222	167	167	167	168	168	168	167	167	166	165	164	163	162	162	161	161	161	165	173	174	169	164	160	156	155	157	160	161	162	161	161	177	216	245	250	252	251	254	255	230	148	29	0	0	0	0	0	0	0	0	0	1	3	5	6	8	12	14	8	0	0	5	14	17	15	6	0	0	0	0	13	45	94	166	220	243	252	251	254
254	255	255	240	255	252	250	252	253	253	254	254	255	255	255	255	255	255	255	255	253	243	242	247	254	255	255	255	255	255	255	242	222	232	255	255	255	255	252	253	255	255	255	222	167	167	168	169	168	167	168	167	167	166	166	165	165	164	164	164	163	166	173	173	169	164	159	157	157	159	160	168	164	158	181	224	246	248	252	252	253	255	255	230	148	29	0	0	0	0	0	0	0	0	0	0	0	0	0	1	1	3	0	0	0	0	6	8	5	0	0	0	0	2	24	90	174	234	251	255	252	253	255
254	255	255	240	255	250	249	252	253	255	255	255	255	254	253	253	253	253	254	254	254	250	252	255	255	255	255	255	255	253	245	235	234	250	255	255	247	254	254	254	255	255	255	222	167	167	167	168	167	167	167	167	167	167	168	168	168	168	168	168	168	168	171	169	166	163	161	160	161	163	166	172	180	196	225	254	253	248	254	254	254	255	255	230	148	29	0	0	0	0	0	0	0	0	0	0	0	0	0	0	0	0	0	0	0	0	0	0	0	0	0	0	8	36	85	159	228	255	255	255	254	254	255
254	255	255	240	255	250	249	252	254	255	255	255	255	252	249	247	246	247	247	249	250	252	253	255	255	255	255	253	247	239	223	233	255	255	248	235	242	251	254	254	255	255	255	222	167	167	166	167	167	166	166	167	167	167	169	170	170	171	170	170	170	169	168	167	165	164	162	162	164	165	170	169	196	245	255	254	252	255	255	254	254	255	255	230	148	29	0	5	5	0	0	0	0	0	0	0	0	0	0	0	0	0	0	0	0	0	1	5	8	12	17	30	43	90	168	214	240	255	255	255	254	254	255
254	255	255	240	255	249	249	252	255	255	255	255	253	252	254	230	241	232	239	242	243	247	248	246	242	240	238	234	229	249	255	255	255	254	242	239	241	251	255	255	255	255	255	222	167	166	166	166	166	165	165	165	166	167	174	181	162	176	165	170	171	168	167	165	162	161	161	164	167	170	202	225	251	255	255	255	255	255	255	255	255	255	255	230	148	29	0	8	10	3	0	0	0	0	0	6	17	3	20	12	17	17	14	10	11	14	20	30	43	60	76	122	161	200	220	234	241	252	255	255	255	255	255
254	255	255	240	255	249	249	253	255	255	255	255	250	224	239	223	233	223	231	232	232	236	234	231	233	241	254	255	255	255	255	255	255	251	244	242	245	252	255	255	255	255	255	222	167	166	166	166	165	164	163	163	164	166	150	173	164	177	166	171	170	166	166	164	164	170	185	204	223	235	244	252	253	255	255	255	255	255	255	255	255	255	255	230	148	29	0	8	10	3	0	0	0	0	8	3	37	38	58	51	59	59	56	55	53	57	67	88	119	155	185	212	232	244	248	250	243	241	244	251	255	255	255
254	255	255	240	255	250	250	254	255	255	255	255	247	254	255	255	255	255	255	255	255	255	255	255	255	255	255	255	255	255	255	255	254	254	255	255	255	255	255	255	255	255	255	222	167	167	166	166	165	164	162	161	162	163	185	233	235	245	233	241	238	232	239	240	242	246	250	253	253	253	252	251	249	247	252	255	255	255	255	255	255	255	255	230	148	29	0	6	8	1	0	0	1	12	28	68	134	156	178	174	189	188	185	197	199	195	194	200	209	223	237	253	255	255	255	255	248	237	237	250	255	255	255
254	255	255	240	255	250	250	255	255	255	255	253	243	230	255	255	255	255	255	255	255	255	255	255	255	255	255	249	244	252	249	250	255	255	255	255	255	255	255	255	255	255	255	222	167	167	166	166	165	163	162	161	162	163	167	236	246	249	238	246	243	239	240	245	248	252	255	254	249	244	251	247	244	247	250	252	252	252	255	255	255	255	255	230	148	29	0	5	5	0	0	0	5	21	42	70	165	197	218	218	236	236	238	247	250	244	239	236	235	237	244	255	255	255	255	255	253	243	240	250	255	255	255
254	255	255	240	255	250	252	255	255	255	255	252	237	223	255	255	255	255	255	255	255	255	255	255	253	254	252	251	251	252	254	255	255	255	255	255	255	255	255	255	255	255	255	222	167	167	167	166	165	163	161	161	162	164	167	248	251	251	245	249	247	246	246	248	249	251	255	255	255	255	255	254	252	251	250	250	249	249	254	255	255	255	255	230	148	29	0	3	1	0	0	0	5	22	49	80	189	220	241	250	255	255	255	255	255	255	255	255	251	251	253	255	255	255	255	255	255	255	251	255	255	255	255
254	255	255	240	255	252	253	255	255	255	255	249	235	217	255	255	255	249	254	255	255	252	251	250	246	247	246	245	244	254	255	255	255	255	255	255	255	255	255	255	255	255	255	222	167	166	166	166	165	163	161	162	164	166	169	253	255	254	249	253	250	251	252	252	252	252	252	252	251	250	255	255	254	253	250	250	251	252	254	255	255	255	255	230	148	29	0	1	0	0	0	0	1	21	47	84	195	225	247	255	255	255	255	255	255	255	255	255	252	249	246	253	255	255	255	255	255	255	255	255	255	255	255
254	255	255	240	255	253	254	255	255	255	255	249	232	215	255	255	246	243	244	241	248	241	247	251	252	254	255	255	253	253	253	252	250	248	249	249	251	254	255	255	255	255	255	222	167	166	166	165	164	163	162	163	165	169	177	255	255	255	255	255	252	255	251	255	255	255	255	255	254	252	252	253	254	253	253	255	255	255	255	255	255	255	255	230	148	29	0	1	0	0	0	0	0	15	40	80	188	217	236	251	255	255	255	242	242	250	251	255	255	255	250	247	245	243	244	246	251	255	255	255	255	255	255
254	255	255	240	255	254	255	255	255	255	255	252	236	220	255	252	243	245	245	238	245	249	251	250	250	251	255	255	255	255	255	255	252	249	248	243	241	252	255	255	255	255	255	222	167	166	165	165	164	164	164	164	165	168	178	255	255	255	255	255	253	255	255	255	255	253	251	253	253	254	255	255	255	255	255	255	255	251	255	255	255	255	255	230	150	29	0	0	0	0	0	0	0	6	31	76	188	218	239	248	253	250	251	239	236	239	242	249	254	255	255	250	248	246	246	248	251	251	250	255	255	255	255
254	255	255	240	255	255	255	255	253	252	253	255	247	227	255	250	247	255	255	251	249	252	254	254	255	255	255	255	255	255	255	255	254	254	252	252	252	254	255	255	255	255	255	222	167	166	164	164	165	167	167	167	164	165	174	255	253	255	255	255	255	255	255	255	255	255	255	255	254	254	255	255	255	255	255	255	255	255	255	255	255	255	255	230	150	29	0	0	0	0	0	0	0	0	21	72	193	232	253	245	245	253	255	250	248	250	251	255	255	255	255	253	253	251	251	253	253	255	255	255	255	255	255
254	255	255	240	255	255	255	254	250	246	250	255	253	233	255	250	248	255	255	254	251	254	255	255	255	255	255	255	255	255	255	255	255	255	255	255	255	255	255	255	255	255	254	222	166	165	163	164	165	167	169	168	163	163	171	253	252	255	253	252	255	255	255	255	255	255	255	255	255	255	255	255	255	255	255	255	255	255	255	255	255	255	255	232	150	31	0	0	0	0	0	1	0	0	15	72	197	239	255	245	243	253	255	255	255	255	255	255	255	255	255	255	255	255	255	255	255	255	255	255	255	255	255
254	255	255	240	255	255	255	254	250	246	250	255	253	233	255	250	248	255	255	254	251	254	255	255	255	255	255	255	255	255	255	255	255	255	255	255	255	255	255	255	255	255	254	222	166	165	163	163	165	167	169	168	163	163	171	253	252	255	253	252	255	255	255	255	255	255	255	255	255	255	255	255	255	255	255	255	255	255	255	255	255	255	255	232	150	31	0	0	0	0	0	1	0	0	15	72	197	239	255	247	243	253	255	255	255	255	255	255	255	255	255	255	255	255	255	255	255	255	255	255	255	255	255
254	255	255	240	255	255	255	254	250	246	250	255	253	233	255	250	248	255	255	254	251	254	255	255	255	255	255	255	255	255	255	255	255	255	255	255	255	255	255	255	255	255	254	222	166	165	162	163	165	167	169	167	163	163	171	253	252	255	253	252	255	255	255	255	255	255	255	255	255	255	255	255	255	255	255	255	255	255	255	255	255	255	255	232	150	31	0	0	0	0	0	1	0	0	15	72	197	239	255	247	243	255	255	255	255	255	255	255	255	255	255	255	255	255	255	255	255	255	255	255	255	255	255
254	255	255	240	255	255	255	254	250	246	250	255	253	233	255	250	248	255	255	254	251	254	255	255	255	255	255	255	255	255	255	255	255	255	255	255	255	255	255	255	255	255	254	222	166	165	162	163	165	167	169	167	163	163	171	253	252	255	253	252	255	255	255	255	255	255	255	255	255	255	255	255	255	255	255	255	255	255	255	255	255	255	255	232	150	31	0	0	0	0	0	1	0	0	15	72	197	239	255	247	243	255	255	255	255	255	255	255	255	255	255	255	255	255	255	255	255	255	255	255	255	255	255
254	255	255	240	255	255	255	254	250	246	250	255	253	233	255	250	248	255	255	254	251	254	255	255	255	255	255	255	255	255	255	255	255	255	255	255	255	255	255	255	255	255	254	222	166	165	162	163	165	167	169	167	163	163	171	253	252	255	253	251	255	255	255	255	255	255	255	255	255	255	255	255	255	255	255	255	255	255	255	255	255	255	255	232	150	31	0	0	0	0	1	3	0	0	15	72	197	239	255	247	245	255	255	255	255	255	255	255	255	255	255	255	255	255	255	255	255	255	255	255	255	255	255
254	255	255	240	255	255	255	254	250	246	250	255	253	233	255	250	248	255	255	254	251	254	255	255	255	255	255	255	255	255	255	255	255	255	255	255	255	255	255	255	255	255	254	222	166	165	162	163	165	167	169	167	163	163	170	252	252	255	252	251	255	255	255	255	255	255	255	255	255	255	255	255	255	255	255	255	255	255	255	255	255	255	255	232	150	31	0	0	1	1	1	3	0	0	17	73	198	241	255	249	245	255	255	255	255	255	255	255	255	255	255	255	255	255	255	255	255	255	255	255	255	255	255
254	255	255	240	255	255	255	254	250	246	250	255	253	233	255	250	248	255	255	254	251	254	255	255	255	255	255	255	255	255	255	255	255	255	255	255	255	255	255	255	255	255	254	222	166	165	162	163	165	167	169	167	162	163	170	252	252	255	252	251	255	255	255	255	255	255	255	255	255	255	255	255	255	255	255	255	255	255	255	255	255	255	255	232	150	31	0	0	1	1	1	3	1	0	17	73	198	241	255	249	245	255	255	255	255	255	255	255	255	255	255	255	255	255	255	255	255	255	255	255	255	255	255
252	255	255	239	255	255	255	253	249	245	249	255	252	235	255	252	248	255	255	254	251	254	255	255	255	255	255	255	255	255	255	255	255	255	255	255	255	255	255	255	255	253	254	221	165	165	161	162	164	166	168	166	161	162	172	252	254	255	252	251	255	255	255	255	255	255	255	255	255	255	255	255	255	255	255	255	255	255	255	255	255	255	255	232	149	30	0	0	0	2	2	4	0	0	16	75	198	243	255	249	245	255	255	255	255	255	255	255	255	255	255	255	255	255	255	255	255	255	255	255	255	255	255
253	255	255	240	255	255	255	255	252	248	252	255	255	235	255	252	248	255	255	254	251	254	255	255	255	255	255	255	255	255	255	255	255	255	255	255	255	255	255	255	255	254	254	221	166	165	164	165	167	169	171	169	164	165	172	252	253	255	252	251	255	255	255	255	255	255	255	255	255	255	255	255	255	255	255	255	255	255	255	255	255	255	255	232	149	31	0	1	3	5	5	7	3	0	19	75	200	245	255	249	247	255	255	255	255	255	255	255	255	255	255	255	255	255	255	255	255	255	255	255	255	255	255
253	255	255	239	255	255	255	254	250	246	250	255	253	235	255	252	248	255	255	254	251	254	255	255	255	255	255	255	255	255	255	255	255	255	255	255	255	255	255	255	255	254	254	221	165	164	162	162	165	167	169	167	162	162	172	252	253	255	252	251	255	255	255	255	255	255	255	255	255	255	255	255	255	255	255	255	255	255	255	255	255	255	255	232	149	30	0	1	3	3	3	5	1	0	19	77	200	245	255	250	247	255	255	255	255	255	255	255	255	255	255	255	255	255	255	255	255	255	255	255	255	255	255
253	255	254	238	255	255	255	253	249	245	249	255	252	235	255	252	248	255	255	254	251	254	255	255	255	255	255	255	255	255	255	255	255	255	255	255	255	255	255	255	255	254	254	220	164	163	161	161	164	166	168	166	161	161	172	252	253	255	252	251	255	255	255	255	255	255	255	255	255	255	255	255	255	255	255	255	255	255	255	255	255	255	255	232	148	29	0	0	2	2	2	4	2	0	18	77	200	245	255	250	247	255	255	255	255	255	255	255	255	255	255	255	255	255	255	255	255	255	255	255	255	255	255
252	255	253	238	255	255	255	255	251	247	251	255	254	235	255	252	248	255	255	254	251	254	255	255	255	255	255	255	255	255	255	255	255	255	255	255	255	255	255	255	255	253	253	219	164	163	163	163	165	167	169	168	163	163	172	252	253	255	252	251	255	255	255	255	255	255	255	255	255	255	255	255	255	255	255	255	255	255	255	255	255	255	255	231	147	29	0	2	4	6	6	7	4	0	20	77	200	245	255	250	247	255	255	255	255	255	255	255	255	255	255	255	255	255	255	255	255	255	255	255	255	255	255
252	255	254	239	255	255	255	252	248	244	248	255	251	235	255	252	248	255	255	254	251	254	255	255	255	255	255	255	255	255	255	255	255	255	255	255	255	255	255	255	255	253	254	220	165	165	160	160	162	164	166	165	160	160	172	252	253	255	252	251	255	255	255	255	255	255	255	255	255	255	255	255	255	255	255	255	255	255	255	255	255	255	255	232	148	30	0	0	1	3	3	4	1	0	17	77	202	247	255	250	249	255	255	255	255	255	255	255	255	255	255	255	255	255	255	255	255	255	255	255	255	255	255
254	255	255	243	255	255	255	254	250	246	250	255	253	235	255	252	248	255	255	254	251	254	255	255	255	255	255	255	255	255	255	255	255	255	255	255	255	255	255	255	255	255	254	224	169	169	162	162	164	166	168	167	162	162	172	252	253	255	251	251	255	255	255	255	255	255	255	255	255	255	255	255	255	255	255	255	255	255	255	255	255	255	255	232	152	34	3	1	3	5	5	6	3	0	21	79	202	247	255	252	249	255	255	255	255	255	255	255	255	255	255	255	255	255	255	255	255	255	255	255	255	255	255
254	255	255	246	255	255	255	255	255	255	255	255	255	235	255	252	248	255	255	254	251	254	255	255	255	255	255	255	255	255	255	255	255	255	255	255	255	255	255	255	255	255	254	226	172	172	172	172	174	176	178	177	172	172	172	252	253	255	251	251	255	255	255	255	255	255	255	255	255	255	255	255	255	255	255	255	255	255	255	255	255	255	255	232	154	37	6	11	13	15	15	16	13	9	31	79	202	247	255	252	249	255	255	255	255	255	255	255	255	255	255	255	255	255	255	255	255	255	255	255	255	255	255
